0.0	0.07	0.1	9.9810456993	9.83	0.018954300736	0.0054754286667
1.0	0.070899688425	0.10126542568	9.9618477847	9.6875523413	0.0076221111178	0.019285494427
2.0	0.071810940267	0.10281655315	9.9424031253	9.5145191062	0.014807845181	0.028575546855
3.0	0.072733904149	0.1043738836	9.9227085497	9.3563222743	0.010719106578	0.040860548107
4.0	0.0736687306	0.10596542565	9.9027608458	9.1852815148	0.013475129177	0.051573366095
5.0	0.074615572089	0.10757472082	9.8825567602	9.0181124543	0.01209729242	0.063484652677
6.0	0.075574583039	0.10921232493	9.8620929977	8.8446674398	0.013213067784	0.074925271105
7.0	0.076545919861	0.11087245741	9.8413662208	8.6709917745	0.012836582919	0.08690253499
8.0	0.077529740976	0.11255919447	9.820373049	8.4934045957	0.013356223961	0.098816359223
9.0	0.07852620684	0.1142707016	9.7991100584	8.3140440202	0.013346219488	0.11102852443
10.0	0.079535479973	0.11600869022	9.7775737811	8.131578251	0.01365464545	0.12332743481
11.0	0.080557724983	0.11777276718	9.7557607048	7.9467356079	0.013778998854	0.13584210812
12.0	0.081593108592	0.1195637988	9.7336672717	7.7590243872	0.014016017939	0.14850004537
13.0	0.082641799668	0.12138191565	9.7112898785	7.5686713071	0.014191207771	0.16134761303
14.0	0.083703969247	0.12322769183	9.6886248755	7.3754801383	0.014406894579	0.17436140295
15.0	0.084779790565	0.12510145074	9.6656685663	7.1795012662	0.014603385785	0.18755889723
16.0	0.085869439082	0.12700367249	9.6424172067	6.9806403205	0.014815470078	0.20093378585
17.0	0.086973092516	0.12893475593	9.6188670045	6.7788860803	0.015023041903	0.21449363581
18.0	0.088090930867	0.13089515739	9.5950141188	6.574178221	0.015237774579	0.22823803492
19.0	0.08922313645	0.13288531033	9.5708546594	6.3664837586	0.015453012575	0.24217122809
20.0	0.090369893922	0.13490567194	9.5463846859	6.1557530017	0.015672634608	0.25629483936
21.0	0.091531390315	0.13695669646	9.5216002073	5.9419448174	0.015894488284	0.27061204972
22.0	0.092707815062	0.13903885067	9.4964971815	5.7250121682	0.016119862976	0.28512520877
23.0	0.093899360035	0.14115260518	9.4710715142	5.5049103376	0.016348092403	0.29983719639
24.0	0.095106219568	0.14329843956	9.4453190587	5.281592245	0.016579618853	0.31475065045
25.0	0.096328590494	0.1454768396	9.4192356148	5.0550110803	0.01681425986	0.32986840453
26.0	0.097566672177	0.14768829903	9.3928169284	4.8251188036	0.017052185166	0.34519324201
27.0	0.098820666542	0.14993331873	9.3660586908	4.5918669718	0.017293368073	0.36072803499
28.0	0.10009077811	0.15221240733	9.3389565378	4.3552062599	0.017537892468	0.37647566742
29.0	0.10137721403	0.15452608107	9.3115060492	4.1150867113	0.017785781645	0.39243907883
30.0	0.10268018412	0.15687486405	9.2837027479	3.8714575827	0.018037093421	0.40862124087
31.0	0.10399990088	0.15925928829	9.2555420994	3.6242674129	0.01829186749	0.42502517119
32.0	0.10533657955	0.16167989387	9.2270195107	3.3734639679	0.01855015448	0.44165392669
33.0	0.10669043814	0.16413722901	9.19813033	3.118994254	0.018811999992	0.45851060809
34.0	0.10806169745	0.16663185027	9.1688698456	2.8608044929	0.019077453358	0.47559835838
35.0	0.10945058114	0.16916432261	9.1392332851	2.5988401178	0.019346562868	0.49292036456
36.0	0.11085731573	0.17173521955	9.1092158151	2.3330457576	0.019619378385	0.51047985765
37.0	0.11228213064	0.17434512328	9.0788125398	2.0633652271	0.019895949939	0.52828011362
38.0	0.11372525826	0.17699462481	9.0480185006	1.7897415142	0.020176328498	0.54632445385
39.0	0.11518693395	0.17968432409	9.016828675	1.5121167677	0.020460565569	0.56461624587
40.0	0.11666739611	0.18241483014	8.9852379763	1.2304322854	0.020748713426	0.58315890391
41.0	0.11816688619	0.18518676122	8.953241252	0.9446285008	0.021040825001	0.60195588965
42.0	0.11968564876	0.18800074492	8.9208332837	0.6546449711	0.021336953957	0.62101071278
43.0	0.12122393151	0.19085741836	8.8880087858	0.36042036377	0.021637154661	0.64032693178
44.0	0.12278198534	0.19375742825	8.8547624048	0.06189244358	0.021941482216	0.6599081545
45.0	0.12436006435	0.19670143114	8.7925823726	0.0	0.050756338074	0.67191807682
46.0	0.12477363924	0.19753136003	8.730195553	0.0	0.014377477678	0.70163881751
47.0	0.1246488656	0.19947869044	8.6678711202	0.0	0.038374940916	0.71309425142
48.0	0.12452421673	0.20007828773	8.6056090118	0.0	0.00059790542013	0.74319820506
49.0	0.12439969252	0.20205072661	8.5434091655	0.0	0.0	0.77227546021
50.0	0.12427529283	0.20184867588	8.4812715191	0.0	0.062137646413	0.77227546021
51.0	0.12415101753	0.2016468272	8.4191960103	0.0	0.023389741577	0.80261541767
52.0	0.12402686652	0.20363472927	8.3571825771	0.0	0.025572857465	0.8205663438
53.0	0.12390283965	0.20470767154	8.2952311573	0.0	0.02273904126	0.84001392346
54.0	0.12377893681	0.20588953804	8.2333416889	0.0	0.027611137602	0.85711336952
55.0	0.12365515787	0.20689700377	8.1715141099	0.0	0.020811434443	0.87772059315
56.0	0.12353150271	0.20816160524	8.1097483586	0.0	0.031388052482	0.89305735185
57.0	0.12340797121	0.20903645742	8.048044373	0.0	0.0164674522	0.91607993508
58.0	0.12328456324	0.21047634593	7.9864020913	0.0	0.038358176289	0.92795888481
59.0	0.12316127868	0.21109367644	7.924821452	0.0	0.0078547981259	0.95565187217
60.0	0.1230381174	0.2128750502	7.8633023933	0.0	0.050761349773	0.9611412555
61.0	0.12291507928	0.21301881472	7.8018448537	0.0	0.0057094820546	0.99319225212
62.0	0.1227921642	0.21511882565	7.7404487716	0.0	0.053802612924	0.99707570768
63.0	0.12266937204	0.21514155753	7.6791140855	0.0	0.0075665201759	1.029446094
64.0	0.12254670267	0.21726249518	7.6178407342	0.0	0.051483515091	1.0345530935
65.0	0.12242415596	0.21737272454	7.5566286562	0.0	0.0040092308009	1.0672591832
66.0	0.12230173181	0.21951565778	7.4954777903	0.0	0.05610698083	1.0698555825
67.0	0.12217943008	0.21943820847	7.4343880753	0.0	0.007477591633	1.1028724468
68.0	0.12205725065	0.22160150394	7.37335945	0.0	0.051859896381	1.1077621244
69.0	0.12193519339	0.22169041525	7.3123918533	0.0	0.0019822854526	1.1411178576
70.0	0.1218132582	0.22387591373	7.2514852242	0.0	0.058540742691	1.1422896743
71.0	0.12169144494	0.2236882693	7.1906395017	0.0	0.0075423305122	1.1759460064
72.0	0.1215697535	0.2258934633	7.1298546249	0.0	0.051995702525	1.1807378243
73.0	0.12144818374	0.22596991324	7.0691305331	0.0	0.0003081031139	1.2145642185
74.0	0.12132673556	0.22818484058	7.0084671653	0.0	0.0047279029533	1.2314156716
75.0	0.12120540883	0.22914675043	6.9478644609	0.0	0.055293826444	1.2343032112
76.0	0.12108420342	0.22907895678	6.8873223592	0.0	0.001296449764	1.2687706308
77.0	0.12096311921	0.23133729398	6.8268407996	0.0	0.0	1.3035778418
78.0	0.12084215609	0.23110595669	6.7664197215	0.0	0.060421078047	1.3035778418
79.0	0.12072131394	0.23087485073	6.7060590646	0.0	0.0053443096511	1.3383154732
80.0	0.12060059262	0.23315089246	6.6457587682	0.0	0.054573728617	1.3415129657
81.0	0.12047999203	0.23310102758	6.5855187722	0.0	0.0018579863257	1.3754992387
82.0	0.12035951204	0.23531900238	6.5253390162	0.0	0.058234494024	1.3764991191
83.0	0.12023915253	0.2351046667	6.4652194399	0.0	0.00080173694036	1.4118731722
84.0	0.12011891337	0.23742240737	6.4051599833	0.0	0.0	1.4475959547
85.0	0.11999879446	0.23718498496	6.345160586	0.0	0.059999397231	1.4475959547
86.0	0.11987879567	0.23694779998	6.2852211882	0.0	0.0014648950759	1.4832473273
87.0	0.11975891687	0.23928371088	6.2253417298	0.0	0.058411693951	1.4839816595
88.0	0.11963915795	0.23904493061	6.1655221508	0.0	0.0012937160854	1.5191674306
89.0	0.1195195188	0.24134398025	6.1057623914	0.0	0.0	1.5554802564
90.0	0.11939999928	0.24110263627	6.0460623917	0.0	0.059699999639	1.5554802564
91.0	0.11928059928	0.24086153363	5.9864220921	0.0	0.0010698356798	1.5910676673
92.0	0.11916131868	0.24318794291	5.9268414328	0.0	0.0	1.6276579372
93.0	0.11904215736	0.24294475497	5.8673203541	0.0	0.05952107868	1.6276579372
94.0	0.1189231152	0.24270181022	5.8078587965	0.0	0.0022753665844	1.6627717956
95.0	0.11880419209	0.24499108699	5.7484567004	0.0	0.057259852279	1.6639511919
96.0	0.1186853879	0.24477814749	5.6891140065	0.0	0.0054465955465	1.6973861701
97.0	0.11856670251	0.24694122318	5.6298306552	0.0	0.05425287581	1.7003954635
98.0	0.11844813581	0.24686061678	5.5706065873	0.0	0.0091810194953	1.7317560771
99.0	0.11832968767	0.2488683541	5.5114417435	0.0	0.050842503803	1.7368874323
100.0	0.11821135798	0.24894169147	5.4523360645	0.0	0.013131946214	1.7659864258
101.0	0.11809314662	0.25078029962	5.3932894912	0.0	0.047358984765	1.7733274537
102.0	0.11797505348	0.25101405242	5.3343019645	0.0	0.016990978323	1.8001705696
103.0	0.11785707842	0.25268396504	5.2753734252	0.0	0.044076107957	1.8096329447
104.0	0.11773922135	0.25307163769	5.2165038146	0.0	0.020523390522	1.8343795979
105.0	0.11762148212	0.25458461473	5.1576930735	0.0	0.041185621327	1.8457461147
106.0	0.11750386064	0.25511021244	5.0989411432	0.0	0.023582990475	1.8686578453
107.0	0.11738635678	0.25648554117	5.0402479648	0.0	0.038791398621	1.8816357281
108.0	0.11726897042	0.25712749891	4.9816134796	0.0	0.026108564721	1.9030239657
109.0	0.11715170145	0.25838814404	4.9230376289	0.0	0.036919522349	1.9172940576
110.0	0.11703454975	0.25912295194	4.864520354	0.0	0.028107617166	1.9374758461
111.0	0.1169175152	0.26029229239	4.8060615964	0.0	0.035537900658	1.9527309558
112.0	0.11680059769	0.26109732207	4.7476612975	0.0	0.029634240188	1.9719972945
113.0	0.11668379709	0.26219681748	4.689319399	0.0	0.034578831435	1.9879670364
114.0	0.11656711329	0.26305215296	4.6310358424	0.0	0.030767063695	2.006564703
115.0	0.11645054618	0.26410000392	4.5728105693	0.0	0.033959411052	2.0230275067
116.0	0.11633409563	0.26498932683	4.5146435214	0.0	0.03159120961	2.0411525017
117.0	0.11621776154	0.26599999158	4.4565346407	0.0	0.033596896509	2.0579375251
118.0	0.11610154378	0.2669107223	4.3984838688	0.0	0.03218595657	2.0757368862
119.0	0.11598544223	0.26789505033	4.3404911477	0.0	0.033418222814	2.0927193251
120.0	0.11586945679	0.26881800232	4.2825564193	0.0	0.032618035706	2.1102978435
121.0	0.11575358733	0.26978372943	4.2246796256	0.0	0.033364353482	2.1273909005
122.0	0.11563783375	0.27071251733	4.1668607087	0.0	0.032939410614	2.144819823
123.0	0.11552219591	0.2716649069	4.1090996108	0.0	0.033390872654	2.1619658263
124.0	0.11540667372	0.27259529204	4.0513962739	0.0	0.033188015159	2.1792915138
125.0	0.11529126704	0.27353777319	3.9937506404	0.0	0.033466342543	2.1964537553
126.0	0.11517597578	0.27446706196	3.9361626525	0.0	0.033390032118	2.2137051554
127.0	0.1150607998	0.27540178033	3.8786322526	0.0	0.033569689493	2.2308612081
128.0	0.114945739	0.27632833169	3.8211593831	0.0	0.033562652775	2.2480557047
129.0	0.11483079326	0.27725658056	3.7637439865	0.0	0.033687476906	2.2651923969
130.0	0.11471596247	0.27817943559	3.7063860053	0.0	0.033716666985	2.2823400524
131.0	0.11460124651	0.27910196857	3.649085382	0.0	0.033811534475	2.299449942
132.0	0.11448664526	0.28002059066	3.5918420594	0.0	0.033858577321	2.3165563847
133.0	0.11437215861	0.28093783447	3.5346559801	0.0	0.033937120265	2.3336354276
134.0	0.11425778645	0.28185193739	3.4775270868	0.0	0.033992165493	2.3507037097
135.0	0.11414352867	0.28276412885	3.4204553225	0.0	0.034061611884	2.3677497969
136.0	0.11402938514	0.28367356898	3.3634406299	0.0	0.034119568364	2.3847815321
137.0	0.11391535575	0.28458083885	3.3064829521	0.0	0.034183636531	2.4017936151
138.0	0.1138014404	0.2854855507	3.2495822319	0.0	0.034241971707	2.418789644
139.0	0.11368763896	0.28638797269	3.1927384124	0.0	0.034302525941	2.4357672344
140.0	0.11357395132	0.287287932	3.1359514367	0.0	0.034360033417	2.4527279964
141.0	0.11346037737	0.28818555023	3.079221248	0.0	0.03441799237	2.4696708915
142.0	0.11334691699	0.28908075376	3.0225477895	0.0	0.034474129124	2.4865966254
143.0	0.11323357007	0.28997359754	2.9659310045	0.0	0.034529944993	2.5035047632
144.0	0.1131203365	0.2908640524	2.9093708362	0.0	0.034584488395	2.520395611
145.0	0.11300721617	0.29175214382	2.8528672282	0.0	0.034638390383	2.5372689968
146.0	0.11289420895	0.29263786203	2.7964201237	0.0	0.034691267122	2.5541250552
147.0	0.11278131474	0.29352121983	2.7400294663	0.0	0.034743380782	2.5709637254
148.0	0.11266853343	0.29440221566	2.6836951996	0.0	0.03479458452	2.5877850704
149.0	0.11255586489	0.29528085703	2.6274172672	0.0	0.03484498828	2.6045890756
150.0	0.11244330903	0.29615714575	2.5711956126	0.0	0.034894541352	2.6213757747
151.0	0.11233086572	0.29703108719	2.5150301798	0.0	0.034943292422	2.6381451716
152.0	0.11221853485	0.2979026845	2.4589209124	0.0	0.034991228617	2.6548972886
153.0	0.11210631632	0.2987719422	2.4028677542	0.0	0.035038374504	2.6716321368
154.0	0.11199421	0.29963886396	2.3468706492	0.0	0.035084731589	2.6883497342
155.0	0.11188221579	0.30050345397	2.2909295413	0.0	0.035130315068	2.7050500945
156.0	0.11177033358	0.3013657161	2.2350443745	0.0	0.035175131652	2.7217332341
157.0	0.11165856324	0.30222565441	2.1792150929	0.0	0.03521919287	2.738399168
158.0	0.11154690468	0.30308327284	2.1234416405	0.0	0.035262507146	2.755047912
159.0	0.11143535778	0.30393857539	2.0677239617	0.0	0.035305084498	2.7716794813
160.0	0.11132392242	0.30479156603	2.0120620005	0.0	0.035346933774	2.7882938916
161.0	0.1112125985	0.30564224873	1.9564557012	0.0	0.035388064276	2.8048911585
162.0	0.1111013859	0.30649062746	1.9009050083	0.0	0.035428484818	2.8214712974
163.0	0.11099028451	0.3073367062	1.845409866	0.0	0.035468204276	2.8380343241
164.0	0.11087929423	0.30818048891	1.7899702189	0.0	0.035507231276	2.8545802541
165.0	0.11076841493	0.30902197954	1.7345860114	0.0	0.035545574376	2.8711091032
166.0	0.11065764652	0.30986118207	1.6792571882	0.0	0.035583241968	2.8876208869
167.0	0.11054698887	0.31069810043	1.6239836937	0.0	0.035620242334	2.9041156209
168.0	0.11043644188	0.31153273859	1.5687654728	0.0	0.035656583622	2.920593321
169.0	0.11032600544	0.31236510048	1.5136024701	0.0	0.03569227386	2.9370540028
170.0	0.11021567943	0.31319519007	1.4584946303	0.0	0.035727320955	2.9534976822
171.0	0.11010546376	0.31402301127	1.4034418985	0.0	0.035761732695	2.9699243748
172.0	0.10999535829	0.31484856804	1.3484442193	0.0	0.03579551675	2.9863340965
173.0	0.10988536293	0.31567186431	1.2935015379	0.0	0.035828680678	3.002726863
174.0	0.10977547757	0.316492904	1.2386137991	0.0	0.035861231924	3.0191026901
175.0	0.10966570209	0.31731169104	1.183780948	0.0	0.035893177822	3.0354615937
176.0	0.10955603639	0.31812822935	1.1290029298	0.0	0.0359245256	3.0518035895
177.0	0.10944648035	0.31894252286	1.0742796897	0.0	0.035955282376	3.0681286935
178.0	0.10933703387	0.31975457548	1.0196111727	0.0	0.035985455168	3.0844369215
179.0	0.10922769684	0.32056439111	0.9649973243	0.0	0.036015050888	3.1007282893
180.0	0.10911846914	0.32137197367	0.91043808973	0.0	0.036044076351	3.1170028128
181.0	0.10900935067	0.32217732705	0.85593341439	0.0	0.036072538271	3.133260508
182.0	0.10890034132	0.32298045516	0.80148324373	0.0	0.036100443265	3.1495013906
183.0	0.10879144098	0.3237813619	0.74708752324	0.0	0.036127797855	3.1657254767
184.0	0.10868264954	0.32458005114	0.69274619847	0.0	0.03615460847	3.1819327821
185.0	0.10857396689	0.32537652679	0.63845921502	0.0	0.036180881447	3.1981233229
186.0	0.10846539292	0.32617079271	0.58422651856	0.0	0.036206623033	3.2142971148
187.0	0.10835692753	0.3269628528	0.53004805479	0.0	0.036231839385	3.2304541739
188.0	0.1082485706	0.32775271092	0.47592376949	0.0	0.036256536575	3.2465945161
189.0	0.10814032203	0.32854037095	0.42185360847	0.0	0.036280720586	3.2627181573
190.0	0.10803218171	0.32932583674	0.36783751762	0.0	0.036304397321	3.2788251136
191.0	0.10792414953	0.33010911217	0.31387544285	0.0	0.036327572598	3.2949154009
192.0	0.10781622538	0.33089020109	0.25996733016	0.0	0.036350252154	3.3109890352
193.0	0.10770840915	0.33166910736	0.20611312559	0.0	0.036372441646	3.3270460324
194.0	0.10760070075	0.33244583481	0.15231277521	0.0	0.036394146653	3.3430864086
195.0	0.10749310004	0.3332203873	0.09856622519	0.0	0.036415372677	3.3591101798
196.0	0.10738560694	0.33399276867	0.044873421717	0.0	0.036436125143	3.3751173619
197.0	0.10727822134	0.33476298276	0.0	0.0	0.027690720452	3.3911079709
198.0	0.10717094312	0.33553103338	0.0	0.0	0.0	3.3992628366
199.0	0.10706377217	0.33572099433	0.0	0.0	0.0	3.3992628366
200.0	0.1069567084	0.33538527334	0.0	0.0	0.0	3.3992628366
201.0	0.10684975169	0.33504988806	0.0	0.0	0.0	3.3992628366
202.0	0.10674290194	0.33471483818	0.0	0.0	0.0	3.3992628366
203.0	0.10663615904	0.33438012334	0.0	0.0	0.0	3.3992628366
204.0	0.10652952288	0.33404574322	0.0	0.0	0.0	3.3992628366
205.0	0.10642299336	0.33371169747	0.0	0.0	0.0	3.3992628366
206.0	0.10631657036	0.33337798577	0.0	0.0	0.0	3.3992628366
207.0	0.10621025379	0.33304460779	0.0	0.0	0.0	3.3992628366
208.0	0.10610404354	0.33271156318	0.0	0.0	0.0	3.3992628366
209.0	0.1059979395	0.33237885162	0.0	0.0	0.0	3.3992628366
210.0	0.10589194156	0.33204647277	0.0	0.0	0.0	3.3992628366
211.0	0.10578604962	0.33171442629	0.0	0.0	0.0	3.3992628366
212.0	0.10568026357	0.33138271187	0.0	0.0	0.0	3.3992628366
213.0	0.1055745833	0.33105132916	0.0	0.0	0.0	3.3992628366
214.0	0.10546900872	0.33072027783	0.0	0.0	0.0	3.3992628366
215.0	0.10536353971	0.33038955755	0.0	0.0	0.0	3.3992628366
216.0	0.10525817617	0.33005916799	0.0	0.0	0.0	3.3992628366
217.0	0.10515291799	0.32972910882	0.0	0.0	0.0	3.3992628366
218.0	0.10504776508	0.32939937971	0.0	0.0	0.0	3.3992628366
219.0	0.10494271731	0.32906998033	0.0	0.0	0.0	3.3992628366
220.0	0.10483777459	0.32874091035	0.0	0.0	0.0	3.3992628366
221.0	0.10473293682	0.32841216944	0.0	0.0	0.0	3.3992628366
222.0	0.10462820388	0.32808375727	0.0	0.0	0.0	3.3992628366
223.0	0.10452357568	0.32775567352	0.0	0.0	0.0	3.3992628366
224.0	0.1044190521	0.32742791784	0.0	0.0	0.0	3.3992628366
225.0	0.10431463305	0.32710048993	0.0	0.0	0.0	3.3992628366
226.0	0.10421031842	0.32677338944	0.0	0.0	0.0	3.3992628366
227.0	0.1041061081	0.32644661605	0.0	0.0	0.0	3.3992628366
228.0	0.10400200199	0.32612016943	0.0	0.0	0.0	3.3992628366
229.0	0.10389799999	0.32579404926	0.0	0.0	0.0	3.3992628366
230.0	0.10379410199	0.32546825521	0.0	0.0	0.0	3.3992628366
231.0	0.10369030789	0.32514278696	0.0	0.0	0.0	3.3992628366
232.0	0.10358661758	0.32481764417	0.0	0.0	0.0	3.3992628366
233.0	0.10348303096	0.32449282653	0.0	0.0	0.0	3.3992628366
234.0	0.10337954793	0.3241683337	0.0	0.0	0.0	3.3992628366
235.0	0.10327616838	0.32384416536	0.0	0.0	0.0	3.3992628366
236.0	0.10317289221	0.3235203212	0.0	0.0	0.0	3.3992628366
237.0	0.10306971932	0.32319680088	0.0	0.0	0.0	3.3992628366
238.0	0.1029666496	0.32287360408	0.0	0.0	0.0	3.3992628366
239.0	0.10286368295	0.32255073047	0.0	0.0	0.0	3.3992628366
240.0	0.10276081927	0.32222817974	0.0	0.0	0.0	3.3992628366
241.0	0.10265805845	0.32190595156	0.0	0.0	0.0	3.3992628366
242.0	0.10255540039	0.32158404561	0.0	0.0	0.0	3.3992628366
243.0	0.10245284499	0.32126246157	0.0	0.0	0.0	3.3992628366
244.0	0.10235039215	0.3209411991	0.0	0.0	0.0	3.3992628366
245.0	0.10224804176	0.32062025791	0.0	0.0	0.0	3.3992628366
246.0	0.10214579371	0.32029963765	0.0	0.0	0.0	3.3992628366
247.0	0.10204364792	0.31997933801	0.0	0.0	0.0	3.3992628366
248.0	0.10194160427	0.31965935867	0.0	0.0	0.0	3.3992628366
249.0	0.10183966267	0.31933969931	0.0	0.0	0.0	3.3992628366
250.0	0.101737823	0.31902035961	0.0	0.0	0.0	3.3992628366
251.0	0.10163608518	0.31870133925	0.0	0.0	0.0	3.3992628366
252.0	0.1015344491	0.31838263791	0.0	0.0	0.0	3.3992628366
253.0	0.10143291465	0.31806425528	0.0	0.0	0.0	3.3992628366
254.0	0.10133148173	0.31774619102	0.0	0.0	0.0	3.3992628366
255.0	0.10123015025	0.31742844483	0.0	0.0	0.0	3.3992628366
256.0	0.1011289201	0.31711101639	0.0	0.0	0.0	3.3992628366
257.0	0.10102779118	0.31679390537	0.0	0.0	0.0	3.3992628366
258.0	0.10092676339	0.31647711146	0.0	0.0	0.0	3.3992628366
259.0	0.10082583663	0.31616063435	0.0	0.0	0.0	3.3992628366
260.0	0.10072501079	0.31584447372	0.0	0.0	0.0	3.3992628366
261.0	0.10062428578	0.31552862924	0.0	0.0	0.0	3.3992628366
262.0	0.10052366149	0.31521310062	0.0	0.0	0.0	3.3992628366
263.0	0.10042313783	0.31489788751	0.0	0.0	0.0	3.3992628366
264.0	0.10032271469	0.31458298963	0.0	0.0	0.0	3.3992628366
265.0	0.10022239198	0.31426840664	0.0	0.0	0.0	3.3992628366
266.0	0.10012216959	0.31395413823	0.0	0.0	0.0	3.3992628366
267.0	0.10002204742	0.31364018409	0.0	0.0	0.0	3.3992628366
268.0	0.09992202537	0.31332654391	0.0	0.0	0.0	3.3992628366
269.0	0.099822103345	0.31301321736	0.0	0.0	0.0	3.3992628366
270.0	0.099722281241	0.31270020415	0.0	0.0	0.0	3.3992628366
271.0	0.09962255896	0.31238750394	0.0	0.0	0.0	3.3992628366
272.0	0.099522936401	0.31207511644	0.0	0.0	0.0	3.3992628366
273.0	0.099423413465	0.31176304132	0.0	0.0	0.0	3.3992628366
274.0	0.099323990051	0.31145127828	0.0	0.0	0.0	3.3992628366
275.0	0.099224666061	0.311139827	0.0	0.0	0.0	3.3992628366
276.0	0.099125441395	0.31082868718	0.0	0.0	0.0	3.3992628366
277.0	0.099026315954	0.31051785849	0.0	0.0	0.0	3.3992628366
278.0	0.098927289638	0.31020734063	0.0	0.0	0.0	3.3992628366
279.0	0.098828362348	0.30989713329	0.0	0.0	0.0	3.3992628366
280.0	0.098729533986	0.30958723616	0.0	0.0	0.0	3.3992628366
281.0	0.098630804452	0.30927764892	0.0	0.0	0.0	3.3992628366
282.0	0.098532173647	0.30896837127	0.0	0.0	0.0	3.3992628366
283.0	0.098433641474	0.3086594029	0.0	0.0	0.0	3.3992628366
284.0	0.098335207832	0.3083507435	0.0	0.0	0.0	3.3992628366
285.0	0.098236872624	0.30804239275	0.0	0.0	0.0	3.3992628366
286.0	0.098138635752	0.30773435036	0.0	0.0	0.0	3.3992628366
287.0	0.098040497116	0.30742661601	0.0	0.0	0.0	3.3992628366
288.0	0.097942456619	0.30711918939	0.0	0.0	0.0	3.3992628366
289.0	0.097844514162	0.30681207021	0.0	0.0	0.0	3.3992628366
290.0	0.097746669648	0.30650525814	0.0	0.0	0.0	3.3992628366
291.0	0.097648922978	0.30619875288	0.0	0.0	0.0	3.3992628366
292.0	0.097551274055	0.30589255412	0.0	0.0	0.0	3.3992628366
293.0	0.097453722781	0.30558666157	0.0	0.0	0.0	3.3992628366
294.0	0.097356269059	0.30528107491	0.0	0.0	0.0	3.3992628366
295.0	0.09725891279	0.30497579383	0.0	0.0	0.0	3.3992628366
296.0	0.097161653877	0.30467081804	0.0	0.0	0.0	3.3992628366
297.0	0.097064492223	0.30436614722	0.0	0.0	0.0	3.3992628366
298.0	0.096967427731	0.30406178107	0.0	0.0	0.0	3.3992628366
299.0	0.096870460303	0.30375771929	0.0	0.0	0.0	3.3992628366
300.0	0.096773589843	0.30345396157	0.0	0.0	0.0	3.3992628366
301.0	0.096676816253	0.30315050761	0.0	0.0	0.0	3.3992628366
302.0	0.096580139437	0.3028473571	0.0	0.0	0.0	3.3992628366
303.0	0.096483559297	0.30254450975	0.0	0.0	0.0	3.3992628366
304.0	0.096387075738	0.30224196524	0.0	0.0	0.0	3.3992628366
305.0	0.096290688662	0.30193972327	0.0	0.0	0.0	3.3992628366
306.0	0.096194397973	0.30163778355	0.0	0.0	0.0	3.3992628366
307.0	0.096098203575	0.30133614577	0.0	0.0	0.0	3.3992628366
308.0	0.096002105372	0.30103480962	0.0	0.0	0.0	3.3992628366
309.0	0.095906103267	0.30073377481	0.0	0.0	0.0	3.3992628366
310.0	0.095810197163	0.30043304104	0.0	0.0	0.0	3.3992628366
311.0	0.095714386966	0.30013260799	0.0	0.0	0.0	3.3992628366
312.0	0.095618672579	0.29983247539	0.0	0.0	0.0	3.3992628366
313.0	0.095523053907	0.29953264291	0.0	0.0	0.0	3.3992628366
314.0	0.095427530853	0.29923311027	0.0	0.0	0.0	3.3992628366
315.0	0.095332103322	0.29893387716	0.0	0.0	0.0	3.3992628366
316.0	0.095236771218	0.29863494328	0.0	0.0	0.0	3.3992628366
317.0	0.095141534447	0.29833630834	0.0	0.0	0.0	3.3992628366
318.0	0.095046392913	0.29803797203	0.0	0.0	0.0	3.3992628366
319.0	0.09495134652	0.29773993406	0.0	0.0	0.0	3.3992628366
320.0	0.094856395173	0.29744219412	0.0	0.0	0.0	3.3992628366
321.0	0.094761538778	0.29714475193	0.0	0.0	0.0	3.3992628366
322.0	0.094666777239	0.29684760718	0.0	0.0	0.0	0.0
