ID	PHA	biomass1	biomass2	gly1	gly2	PHA
exec216	15.116059264	0.001574013719691	0.199990295209316	0.008968731585416	-2.39912522142045	HIGH
exec180	8.8716747343	0.000926825430592	0.199990295209316	0.024855930574275	-0.027122080305446	HIGH
exec136	7.9808759664	0.000278580988862	0.199981525648418	4.18473729844791	-4.79243487304576	HIGH
exec63	7.9788492198	0.000158888767871	0.199995915953456	10.8321825221706	-12.7754673624773	HIGH
exec64	7.9788492198	0.000158888767871	0.199995915953456	10.9109834225042	-12.9180467329665	HIGH
exec62	7.9788482248	0.000158888767871	0.199995915953456	10.8140401312216	-12.7754673624773	HIGH
exec65	7.9788482248	0.000158888767871	0.199995915953456	10.9853946514288	-12.9418057479175	HIGH
exec10	7.9559078281	0.000154923289231	0.199995915953456	9.92873572019178	-19.988138707249	HIGH
exec11	7.9559068195	0.000154923289231	0.199995915953456	10.9623531193163	-19.9882815587868	HIGH
exec12	7.9559068195	0.000154923289231	0.199995915953456	11.0529446603765	-18.1551588833397	HIGH
exec13	7.9559068195	0.000154923289231	0.199995915953456	12.164511401257	-19.9889116904351	HIGH
exec17	7.9398333763	0.000155388566328	0.199999699092472	10.7515655466594	-13.2539708020608	HIGH
exec32	7.9374469786	0.000157697109561	0.199999699092472	10.8419726127657	-13.4780589090838	HIGH
exec34	7.9374469786	0.000157697109561	0.199999699092472	10.8480297720654	-13.4875912505874	HIGH
exec37	7.9374469786	0.000157697109561	0.199999699092472	10.9147267064935	-13.1615336545635	HIGH
exec38	7.9374469786	0.000157697109561	0.199999699092472	10.9147267064935	-13.2942924493762	HIGH
exec39	7.9374469786	0.000157697109561	0.199999699092472	10.9147267064935	-13.263637932438	HIGH
exec41	7.9374469786	0.000157697109561	0.199999699092472	10.9382590831645	-13.1407754551951	HIGH
exec43	7.9374469786	0.000157697109561	0.199999699092472	10.9442352237204	-13.1280009182956	HIGH
exec44	7.9374469786	0.000157697109561	0.199999699092472	10.9459291031248	-13.3056292839231	HIGH
exec46	7.9374469786	0.000157697109561	0.199999699092472	10.9606871333607	-12.9966314675923	HIGH
exec47	7.9374469786	0.000157697109561	0.199999699092472	10.9668168279894	-13.0281269658027	HIGH
exec33	7.9374459829	0.000157697109561	0.199999699092472	10.8419726127657	-13.5934871525149	HIGH
exec35	7.9374459829	0.000157697109561	0.199999699092472	10.8937146774176	-13.2294794207422	HIGH
exec36	7.9374459829	0.000157697109561	0.199999699092472	10.9078816807627	-13.1373276217233	HIGH
exec40	7.9374459829	0.000157697109561	0.199999699092472	10.9147267064935	-13.1689066209016	HIGH
exec42	7.9374459829	0.000157697109561	0.199999699092472	10.9383444351011	-13.3612971569616	HIGH
exec45	7.9374459829	0.000157697109561	0.199999699092472	10.9516373805073	-13.2138039343705	HIGH
exec48	7.9374459829	0.000157697109561	0.199999699092472	10.9752283383497	-13.0423123041165	HIGH
exec49	7.9374459829	0.000157697109561	0.199999699092472	10.9813465226186	-13.055767765863	HIGH
exec24	7.9373977504	0.000157697109561	0.199997605286302	10.7744752314787	-12.995925812743	HIGH
exec25	7.9373977504	0.000157697109561	0.199997605286302	10.8472157484354	-12.7879392326102	HIGH
exec26	7.9373977504	0.000157697109561	0.199997605286302	10.8653786160652	-13.2026005450623	HIGH
exec27	7.9373977504	0.000157697109561	0.199997605286302	10.8653786160652	-13.0975844172084	HIGH
exec29	7.9373977504	0.000157697109561	0.199997605286302	10.9025883805814	-13.3863494394784	HIGH
exec30	7.9373977504	0.000157697109561	0.199997605286302	10.9039995147269	-13.2909968961884	HIGH
exec31	7.9373977504	0.000157697109561	0.199997605286302	10.9419655918527	-13.3469858793623	HIGH
exec28	7.9373967546	0.000157697109561	0.199997605286302	10.8875175683357	-13.1570564800444	HIGH
exec19	7.9373580319	0.000157697109561	0.199995915953456	10.7019163831153	-12.9592988209209	HIGH
exec20	7.9373580319	0.000157697109561	0.199995915953456	10.8137529907721	-12.5259689109333	HIGH
exec21	7.9373580319	0.000157697109561	0.199995915953456	10.8137529907721	-12.6997001868866	HIGH
exec23	7.9373580319	0.000157697109561	0.199995915953456	10.866205974944	-12.8155385086928	HIGH
exec22	7.937357036	0.000157697109561	0.199995915953456	10.8240862725414	-12.7768172300917	HIGH
exec14	7.9358298292	0.00015504311206	0.199995915953456	8.5820594218444	-12.4332206828684	HIGH
exec15	7.9358288156	0.00015504311206	0.199995915953456	9.84969613370779	-12.0974261735459	HIGH
exec16	7.9358288156	0.00015504311206	0.199995915953456	10.0271749955392	-13.6756704000527	HIGH
exec67	7.9321346672	0.000159786724141	0.199995915953456	10.8480218338796	-12.8131654181336	HIGH
exec68	7.9321346672	0.000159786724141	0.199995915953456	10.9717655270661	-12.9455506094374	HIGH
exec66	7.9321336743	0.000159786724141	0.199995915953456	10.7277279540143	-12.8381726876171	HIGH
exec71	7.92184697	0.000166764230028	0.199995915953456	8.25948869792099	-10.3803725286984	HIGH
exec8	7.9218365034	0.000124149168117	0.199995915953456	10.3971733792434	-13.3887441435635	HIGH
exec18	7.9200292679	0.000156184971111	0.199990295209316	18.0756894436592	-13.914691603574	HIGH
exec61	7.9200047183	0.000158706375068	0.199998437875162	10.8836561301448	-12.6217513281569	HIGH
exec56	7.9199466439	0.000158706375068	0.199995915953456	10.8452160076105	-12.8842826261855	HIGH
exec57	7.9199466439	0.000158706375068	0.199995915953456	10.8519376474968	-12.8039402715326	HIGH
exec55	7.9199456545	0.000158706375068	0.199995915953456	10.8253783996723	-12.7926016312438	HIGH
exec58	7.9199456545	0.000158706375068	0.199995915953456	10.8536431034562	-13.0809069836601	HIGH
exec59	7.9199456545	0.000158706375068	0.199995915953456	10.9009828461466	-12.7212109715844	HIGH
exec60	7.9199456545	0.000158706375068	0.199995915953456	11.05980614699	-13.0873153179753	HIGH
exec50	7.9146757654	0.00015797768495	0.199995915953456	9.58776269208962	-12.6947028420559	HIGH
exec51	7.9146757654	0.00015797768495	0.199995915953456	10.1138151407115	-13.2615779853946	HIGH
exec53	7.9146757654	0.00015797768495	0.199995915953456	10.5844883465621	-11.5911430005861	HIGH
exec52	7.9146747336	0.00015797768495	0.199995915953456	10.5109267639398	-8.77543442813182	HIGH
exec54	7.9146747336	0.00015797768495	0.199995915953456	11.8176241825994	-7.08219568938578	HIGH
exec69	7.9133771208	0.000160685410866	0.199995915953456	11.7779614917868	-10.1350609625532	HIGH
exec93	7.9103561255	0.000181693990899	0.199990295209316	9.6648045541175	-19.9968438928484	HIGH
exec94	7.9103561255	0.000181693990899	0.199990295209316	10.060562355274	-19.995820432668	HIGH
exec95	7.9103561255	0.000181693990899	0.199990295209316	11.3495597722351	-19.9964610137256	HIGH
exec97	7.9103561255	0.000181693990899	0.199990295209316	11.9860639664082	-19.9968438928484	HIGH
exec99	7.9103561255	0.000181693990899	0.199990295209316	12.4148400977367	-19.9968438928484	HIGH
exec100	7.9103561255	0.000181693990899	0.199990295209316	13.7138230407839	-19.9934535580953	HIGH
exec101	7.9103561255	0.000181693990899	0.199990295209316	13.7897406326053	-14.6226061014667	HIGH
exec102	7.9103561255	0.000181693990899	0.199990295209316	18.0788048123756	-13.6439993452962	HIGH
exec103	7.9103561255	0.000181693990899	0.199990295209316	18.1365171846083	-13.8058223083743	HIGH
exec104	7.9103561255	0.000181693990899	0.199990295209316	18.7121730078187	-14.0608015777255	HIGH
exec92	7.9103550801	0.000181693990899	0.199990295209316	9.31781813175963	-8.20565581386629	HIGH
exec96	7.9103550801	0.000181693990899	0.199990295209316	11.6745218111041	-12.1758849762791	HIGH
exec98	7.9103550801	0.000181693990899	0.199990295209316	12.1803022266082	-17.8593064025768	HIGH
exec84	7.9080875215	0.000173746420585	0.199997015789692	19.9990231018635	-15.1018511790995	HIGH
exec85	7.9080865314	0.000173746420585	0.199997015789692	19.9990231018635	-9.80195025914373	HIGH
exec70	7.9078159284	0.000162787552081	0.199995915953456	9.28636178577107	-12.066738560684	HIGH
exec82	7.9069784167	0.000173746420585	0.199949583647198	19.9942503817552	-14.9306160938561	HIGH
exec83	7.9069784167	0.000173746420585	0.199949583647198	19.9942503817552	-14.3251123996819	HIGH
exec91	7.9011579466	0.000178871899667	0.199978063903041	19.0586578579608	-13.5065186726901	HIGH
exec73	7.9003412587	0.000169661033184	0.199990295209316	10.2614509562733	-17.3030595097152	HIGH
exec74	7.9003412587	0.000169661033184	0.199990295209316	10.6738373763665	-19.4633283520355	HIGH
exec76	7.9003412587	0.000169661033184	0.199990295209316	11.0546058982765	-18.6279389193332	HIGH
exec77	7.9003412587	0.000169661033184	0.199990295209316	11.2051315750021	-19.7247391452445	HIGH
exec72	7.9003402504	0.000169661033184	0.199990295209316	8.87641653538798	-16.9130856043184	HIGH
exec75	7.9003402504	0.000169661033184	0.199990295209316	10.6946520900151	-18.3385659525234	HIGH
exec78	7.9003402504	0.000169661033184	0.199990295209316	11.8512350091212	-19.1868072575048	HIGH
exec79	7.9003402504	0.000169661033184	0.199990295209316	12.0105758930257	-15.6150056028816	HIGH
exec80	7.9003402504	0.000169661033184	0.199990295209316	12.2142157815439	-19.2437669755383	HIGH
exec90	7.8995692844	0.000178186063117	0.199990295209316	12.3314090588148	-19.9968438928484	HIGH
exec81	7.8966261637	0.000172068941245	0.199996408500295	19.9990074801248	-19.9868742375325	HIGH
exec105	7.8913383487	0.000183767142968	0.199998241440305	18.3464311621769	-15.3617975897458	HIGH
exec106	7.8913383487	0.000183767142968	0.199998241440305	19.0705705331542	-14.2103171191407	HIGH
exec87	7.8900571338	0.000177046666198	0.199985318282007	18.1050603584651	-14.3392643107012	HIGH
exec88	7.8900571338	0.000177046666198	0.199985318282007	18.8790499691663	-14.0682038988165	HIGH
exec86	7.8875613981	0.000177046666198	0.19987786486458	19.3169005793348	-13.5390833246252	HIGH
exec89	7.8861864372	0.000177321338567	0.199990295209316	10.3096009084482	-19.995820432668	HIGH
exec113	7.8715090398	0.000197448935715	0.199981568911358	6.84844193817021	-0.016694277950737	HIGH
exec7	7.8685215964	0.000122183401189	0.199949583647198	7.660813487556	-5.10058392655095	HIGH
exec109	7.8647709701	0.000189803489408	0.199971838990958	17.2452374713763	-14.8404569305909	HIGH
exec111	7.8647709701	0.000189803489408	0.199971838990958	18.3837257175857	-13.8597118659932	HIGH
exec110	7.8647699654	0.000189803489408	0.199971838990958	18.3293221756094	-16.4829764236142	HIGH
exec107	7.8646553315	0.000189803489408	0.199966877141421	18.0137631848567	-13.6452765898413	HIGH
exec108	7.8646553315	0.000189803489408	0.199966877141421	19.275948217191	-13.2373543153571	HIGH
exec112	7.8593613274	0.000195368124664	0.199971838990958	8.04510211555322	-0.027553950463311	HIGH
exec6	7.856718077	0.000121875127347	0.199990295209316	19.9892346842543	-13.979664670664	HIGH
exec114	7.8496497388	0.000212010024144	0.199998437875162	15.1846250913623	-8.97582339841788	HIGH
exec116	7.8439843185	0.000214926514416	0.199995915953456	13.7623202767089	-0.010293108898313	HIGH
exec117	7.8376182215	0.000217785088504	0.199998241440305	9.63101636896031	-13.710612326861	HIGH
exec115	7.834970422	0.0002137037902	0.199990295209316	18.1830735088449	-14.0648298816757	HIGH
exec119	7.8272776585	0.000223302335184	0.199971038553141	16.6983414780277	-3.67011622144988	HIGH
exec118	7.811822661	0.000222401770415	0.199845017420629	8.31228753185853	-19.9804570422828	HIGH
exec123	7.8071079733	0.000237153559753	0.19998768349625	13.1057397007092	-5.64116146469061	HIGH
exec122	7.8024817943	0.000236034111323	0.199995915953456	19.9995379042702	-5.84537773033005	HIGH
exec121	7.8013794295	0.000232308067439	0.199980555881117	9.52689810862849	-0.88991797434316	HIGH
exec120	7.8009640779	0.000232247334968	0.199980907036488	18.1581899907677	-13.5329032485062	HIGH
exec125	7.7991176297	0.000239498924294	0.199990295209316	19.59353458504	-13.9138367415183	HIGH
exec135	7.7949365929	0.000271386863563	0.199966877141421	18.429173841999	-15.9420910724534	HIGH
exec127	7.7912827328	0.000247493552612	0.199998991378793	13.0897833767413	-14.5742494519065	HIGH
exec128	7.7814263433	0.000249884302013	0.199920107708814	17.199058924412	-18.0127864127454	HIGH
exec124	7.7807405947	0.000237494781045	0.199971838990958	11.2774364729707	-19.9973480494448	HIGH
exec129	7.7707399935	0.000253075258229	0.199990295209316	19.9992544735637	-0.012552821318153	HIGH
exec130	7.7553353837	0.000254994349521	0.199971224844766	19.3824205580659	-13.2404188412911	HIGH
exec131	7.7534275673	0.000255658515017	0.199799734939938	7.7725416196722	-8.73001419183283	HIGH
exec132	7.7482256608	0.000267938444412	0.199915102544208	9.51475898915841	-5.91511295499533	HIGH
exec137	7.733744821	0.000280514232504	0.199987014238472	14.6616691734255	-8.09802545611143	HIGH
exec133	7.7330559226	0.000269870691914	0.199990295209316	19.2075979969769	-13.914691603574	HIGH
exec134	7.7330559226	0.000269870691914	0.199990295209316	19.3855927907916	-13.914691603574	HIGH
exec138	7.7219128205	0.000281954153391	0.199990295209316	19.9853391415295	-19.995820432668	HIGH
exec140	7.7216577455	0.000287728879348	0.199999699092472	9.14656467135641	-13.7640085052947	HIGH
exec139	7.7135570213	0.00028202550085	0.199990295209316	19.2314055520305	-13.9138367415183	HIGH
exec141	7.7083557266	0.000297021758095	0.199990295209316	18.6709872726403	-13.914691603574	HIGH
exec142	7.6889858147	0.000304066580344	0.199998241440305	15.1209823202176	-0.032627062956724	HIGH
exec144	7.6654775006	0.000310684480983	0.199990295209316	10.6674320828354	-19.9964610137256	HIGH
exec143	7.6599135706	0.000310162204205	0.199990295209316	17.9423934021155	-0.008484021470387	HIGH
exec5	7.6318582246	0.000112419231692	0.199990295209316	6.55205789568434	-19.970788002098	HIGH
exec146	7.6316965709	0.000341310348872	0.199995393555059	17.2594501833272	-13.9155544099122	HIGH
exec147	7.6316965709	0.000341310348872	0.199995393555059	19.9951252532928	-13.9155544099122	HIGH
exec145	7.6303688054	0.000328218346399	0.199978252851198	18.9845769028995	-13.6378434976871	HIGH
exec4	7.5872799851	0.000111393183463	0.199966877141421	19.1718446440455	-13.4968884925419	HIGH
exec149	7.5659719975	0.000374849067204	0.199985847740784	14.2770291987134	-17.0807066640079	HIGH
exec151	7.5652415973	0.000381271548887	0.199998241440305	11.6767811122151	-0.007301200711524	HIGH
exec152	7.5606240555	0.000381434974585	0.1996969113059	8.28146054218273	-0.010551817700783	HIGH
exec150	7.5542573097	0.000379345345225	0.199987790176251	10.630107445448	-10.7421093994407	HIGH
exec154	7.5448643907	0.000384572932453	0.199990295209316	18.4095438244082	-16.9484270674103	HIGH
exec3	7.5444305451	0.000109717198875	0.199990295209316	17.9588005578449	-13.9184976102742	HIGH
exec155	7.5406415832	0.000392493940045	0.199527497574842	18.0552354009095	-13.3413314966018	HIGH
exec153	7.5388385613	0.00038361333544	0.19983656102948	8.31190190099285	-19.9969186514896	HIGH
exec156	7.4731768448	0.000431888092798	0.199990295209316	19.9926908674326	-0.016837392251507	HIGH
exec158	7.4300530089	0.000456585837922	0.199957345680596	14.3791847412267	-6.91465149756784	HIGH
exec2	7.4297335443	0.000105104655062	0.199995915953456	11.0428186915804	-19.9953540742408	HIGH
exec157	7.4223280033	0.000453587586847	0.199995306741175	15.7348106775359	-19.9998167484151	HIGH
exec159	7.3701515965	0.000498314450512	0.19999971917801	7.40197753888364	-9.47010244734658	HIGH
exec161	7.3350233145	0.0005211918497	0.19999475969286	19.9996668773085	-13.8212521793579	HIGH
exec162	7.3347318463	0.000521241460843	0.199975184114825	12.1176570395899	-18.2765827276247	HIGH
exec164	7.3237560391	0.000527602504111	0.199941788761038	10.5812965300386	-2.99044595587428	HIGH
exec163	7.3132990678	0.000523540025597	0.199971838990958	19.1813808680774	-0.001477951664103	HIGH
exec165	7.2585644304	0.000567204480832	0.199990327091414	9.29505737902431	-11.1869896276439	HIGH
exec166	7.2161661237	0.000590381199489	0.199895329013521	17.2346658538152	-14.5753445872166	HIGH
exec167	7.161528273	0.000609339049125	0.199966705325976	6.37304730915646	-0.011288506140797	HIGH
exec168	7.117944314	0.000635441303428	0.199994164923041	14.3200194003821	-10.5148494647822	HIGH
exec169	7.1103345652	0.000647331498503	0.199978870059857	7.46194361908848	-16.9996820459404	HIGH
exec9	7.0531300652	0.000153526633607	0.173629585807061	10.3068769099603	-19.9848823882686	HIGH
exec173	6.9926776051	0.000730853498713	0.199995915953456	9.58717664212203	-9.89761702906932	HIGH
exec172	6.9922160216	0.000711784621916	0.199995915953456	10.9343011846141	-19.9952631249638	HIGH
exec174	6.9696415708	0.000740173452336	0.199986109686234	19.9895489398515	-13.7637360205434	HIGH
exec175	6.9472658377	0.000748878867365	0.199971838990958	17.5197661791386	-0.052210557913295	HIGH
exec160	6.9143813853	0.000518847722216	0.199995915953456	0.005786952320347	-19.9130450839887	HIGH
exec176	6.8317489643	0.000808301893802	0.199990295209316	10.0467123616005	-1.0356286011038	HIGH
exec177	6.793308174	0.000831617752604	0.199989469044883	15.867755997784	-18.8221731839014	HIGH
exec179	6.7372164768	0.000873075115565	0.199995393555059	19.9946925655441	-13.6891550883579	HIGH
exec178	6.7330074962	0.000866845695278	0.199995915953456	14.7013399255936	-5.75017477831547	HIGH
exec126	6.6440571527	0.000244872839915	0.163673843080242	7.58876680639921	-0.086172474121206	HIGH
exec182	6.5978203614	0.000995076233924	0.199981749631557	5.29274857610507	-19.9918309582192	HIGH
exec181	6.5659152409	0.000969807185851	0.199968843588719	19.9457677394359	-0.006463034176129	HIGH
exec184	6.5247871657	0.001031260474859	0.199984548726614	13.8191876204951	-0.001435084406427	HIGH
exec183	6.5167198409	0.001008668882073	0.199949583647198	10.1087127199293	-19.9964466033429	HIGH
exec185	6.4488880764	0.001048000246963	0.199995393555059	19.9853638766273	-13.6334795571343	HIGH
exec195	6.3189932589	0.001163077532023	0.19998100337306	19.9966174419719	-13.5906350037849	HIGH
exec148	6.1977067631	0.000369337362249	0.154946596175952	14.3081259352177	-10.0479938612986	HIGH
exec198	6.1786495952	0.001205776594914	0.199990295209316	19.3122204629351	-0.002385510847635	HIGH
exec201	6.1429715286	0.001243172869538	0.19998875494292	19.9975602120846	-13.5419062037519	HIGH
exec218	6.1414464906	0.00169231716236	0.19980899010905	3.28220336200894	-19.9904329033732	HIGH
exec200	6.1202189951	0.001238475109864	0.199995915953456	7.1771873714777	-19.9950660388323	HIGH
exec187	6.0071539532	0.00113833143081	0.188622227567851	19.9946426118717	-13.5997889614086	HIGH
exec214	5.7853725765	0.00149508634134	0.199990295209316	4.80847493268022	-19.9892865225928	HIGH
exec215	5.6752102808	0.00153179636399	0.199994836946449	8.58027780165543	-0.005098684336197	HIGH
exec188	5.651155935	0.001142866576574	0.174485514403868	19.9960714278767	-13.603838342458	HIGH
exec217	5.4975132985	0.001667718977106	0.199995915953456	9.06915685043775	-19.9985673478973	HIGH
exec192	5.3165007965	0.001143687219098	0.160103937512928	19.9996668773085	-13.6055357605028	HIGH
exec1	5.1038171907	0.000102456539546	0.128913726465417	19.9897682495654	-14.0266524883008	HIGH
exec191	5.0641451466	0.001143687219098	0.148706654470592	19.9996668773085	-13.6055357605028	HIGH
exec171	4.9080511181	0.000711301502475	0.120824173663231	7.69311718330405	-7.19908897964482	HIGH
exec170	4.8950221299	0.00066402075768	0.11880326098208	19.9945004606097	-0.013958439370846	HIGH
exec190	4.8557849627	0.001143687219098	0.139723615600437	19.9996092376059	-13.5998169543355	HIGH
exec220	4.5548149748	0.002610228453441	0.199998241440305	16.8904487734827	-13.6655688218493	HIGH
exec189	4.4990717849	0.001143687219098	0.122021816904094	19.9996092376059	-13.5998169543355	HIGH
exec186	4.4938098976	0.00113409233636	0.121562871591288	19.9960714278767	-13.6073222314952	HIGH
exec196	4.4932629392	0.00116430504224	0.122694689866446	19.9807295676678	-13.5756027260471	HIGH
exec193	4.4883977829	0.001148500366073	0.122145017103247	19.9960714278767	-13.5845602409066	HIGH
exec194	4.4883977829	0.001148500366073	0.122145017103247	19.9960714278767	-13.6002810115484	HIGH
exec197	4.4565563433	0.001187114858406	0.122851328682721	19.5580416001047	-13.556455202552	HIGH
exec199	4.4208584724	0.00121926462449	0.122728928964457	19.2451366930726	-13.5549090920527	HIGH
exec202	4.4055844218	0.001247438939389	0.123006773789617	19.2598522582354	-13.5448521427947	HIGH
exec203	4.3908857683	0.001270763173691	0.123390665048293	19.1577164487192	-13.5278826286197	HIGH
exec204	4.3654089759	0.001315685092883	0.123683749601185	19.1169868384569	-13.5006904638646	HIGH
exec205	4.3209436716	0.001354425478865	0.123746794760952	19.0896253468031	-13.4855034519062	HIGH
exec206	4.3040080214	0.001369335045726	0.123813564931546	19.0737524594088	-13.4803528461334	HIGH
exec208	4.2871416049	0.001389067998876	0.123946113814591	19.0333627015712	-13.4651014135267	HIGH
exec210	4.2870933599	0.001394861115192	0.124078760521162	19.0008487602144	-13.463478583679	HIGH
exec207	4.2860848339	0.001389065365295	0.123813564931546	19.0314725096251	-13.4719289018004	HIGH
exec212	4.2672374541	0.001404778398193	0.123851935018724	19.0156297130502	-13.4611581339317	HIGH
exec211	4.2670983721	0.001404778398193	0.123834027245214	19.0156297130502	-13.4539458479743	HIGH
exec209	4.2666444599	0.001394861115192	0.123754972518794	19.0215240889082	-13.463478583679	HIGH
exec213	4.2022778246	0.001482884631021	0.124213838576973	18.988090649489	-13.4558861625579	HIGH
exec222	4.1747462651	0.003122700333087	0.199990295209316	7.63473494907488	-0.001663866723749	HIGH
exec225	3.4791014162	0.004385502962084	0.199978063903041	12.5322253130363	-13.1489319183631	NORMAL
exec517	3.4701724786	0.103667720707131	0.199658246589935	19.9876056836434	-0.013780556993233	NORMAL
exec728	3.467241101	0.179815076790163	0.199924706205252	0.000835375659888	-19.9662603706635	NORMAL
exec526	3.4575399121	0.10682226136013	0.199822464738312	19.974462156233	-19.9976848034696	NORMAL
exec688	3.4566886911	0.165135536740677	0.19985897062461	0.000647075414045	-19.9959670741093	NORMAL
exec490	3.4564068785	0.094158889902533	0.199676626969781	19.9970933711034	-0.02276554710469	NORMAL
exec696	3.4546285992	0.167628905842599	0.199861603962169	0.002719092998476	-19.9959427449539	NORMAL
exec768	3.4401145231	0.194734783481763	0.199990456178409	0.034976837330302	-19.9955447961956	NORMAL
exec402	3.4370322493	0.068724688412201	0.144520710761963	13.1125910490174	-18.9286767939721	NORMAL
exec403	3.4370322493	0.068724688412201	0.144520710761963	13.1125910490174	-18.9237895947779	NORMAL
exec405	3.4370322493	0.068724688412201	0.144520710761963	13.1214762217416	-18.936596027429	NORMAL
exec404	3.437032216	0.068724688412201	0.144520710761963	13.1137034443477	-18.9294903752272	NORMAL
exec406	3.437032216	0.068724688412201	0.144520710761963	13.1214762217416	-18.9407096247487	NORMAL
exec398	3.4358747294	0.068724688412201	0.144476777990718	13.1137034443477	-18.9292837901663	NORMAL
exec399	3.4358747294	0.068724688412201	0.144476777990718	13.1137034443477	-18.9345682697634	NORMAL
exec523	3.4354210493	0.105758189413054	0.199846739089165	19.9962323060314	-0.006796260393241	NORMAL
exec664	3.4345534716	0.156906217728128	0.199677264697397	0.003023279676966	-19.9852658151362	NORMAL
exec400	3.4309427906	0.068724688412201	0.144486931673874	13.1125910490174	-18.9259221054186	NORMAL
exec390	3.4298312666	0.068684158470628	0.144638012667127	13.1360042454346	-18.964670933149	NORMAL
exec389	3.4298307194	0.068684158470628	0.144638012667127	13.1325469091159	-18.9454050809914	NORMAL
exec691	3.4282393512	0.16591009606393	0.199992837875234	0.07015807579127	-19.9944392882207	NORMAL
exec672	3.4235436674	0.159746227248108	0.199979061714148	0.012594471423073	-19.9824458437244	NORMAL
exec780	3.4208792436	0.198988114907587	0.199997672493899	0.005377469237124	-19.986483085781	NORMAL
exec772	3.4193026546	0.196155076572763	0.199982146056739	0.023453328417498	-19.9964837798485	NORMAL
exec435	3.4185313144	0.07479431808217	0.154335574647009	15.1173664015279	-19.9995724406686	NORMAL
exec536	3.4178379829	0.11019352863704	0.199917154398282	19.9958607417671	-0.028737876824177	NORMAL
exec666	3.4174943092	0.157658549205043	0.199869929240644	0.00727716466812	-19.9998478773751	NORMAL
exec411	3.4137824201	0.068744743332096	0.144215170487952	13.1137620984734	-19.0937260514089	NORMAL
exec412	3.4137824201	0.068744743332096	0.144215170487952	13.1137620984734	-18.9972740327617	NORMAL
exec707	3.413345008	0.172490890244303	0.199856330545807	19.9983565360254	-0.006741972167717	NORMAL
exec539	3.4119757143	0.111521487448354	0.1999136566734	8.62319045482089	-0.029111222203167	NORMAL
exec631	3.4119724827	0.145311037537061	0.199865188216177	0.001018495094763	-19.988613390469	NORMAL
exec513	3.4116636081	0.102823252820121	0.199958280940401	19.9785651235755	-0.007179555028173	NORMAL
exec723	3.4114782361	0.178299465842438	0.1999372665963	0.002447781057613	-19.9975799319501	NORMAL
exec388	3.4078707951	0.068684158470628	0.144520710761963	13.1125910490174	-18.9286767939721	NORMAL
exec619	3.4077968341	0.141077460232512	0.199982872824387	0.002726541830724	-19.9846244231057	NORMAL
exec745	3.4071006519	0.186525881215749	0.096406499448643	0.000196476570322	-9.60903719463422	NORMAL
exec694	3.40595152	0.166832926486248	0.199737392551571	0.016455000393925	-19.9951432627207	NORMAL
exec561	3.4048611064	0.120403564572997	0.19998109501706	9.24253564144733	-19.9960057148218	NORMAL
exec601	3.4044720953	0.134577626468507	0.199988802558326	0.002753990521622	-19.9918704476087	NORMAL
exec408	3.4012554831	0.068724688412201	0.144911061858351	13.1227497773806	-18.9317068379233	NORMAL
exec670	3.4007500077	0.15885330845664	0.199905080824149	0.007503274879559	-19.974812808983	NORMAL
exec275	3.3998242871	0.02677887185577	0.000157778218745	19.9995184637992	-0.023056971051872	NORMAL
exec759	3.3995450457	0.192064949392048	0.199991790543623	19.996574581891	-19.9988560647209	NORMAL
exec616	3.3993684847	0.140266211288586	0.199918328607398	19.984031422817	-0.014351600805114	NORMAL
exec730	3.3991428858	0.180730548732347	0.199904873903544	0.016166102911149	-19.989180594639	NORMAL
exec401	3.3989532644	0.068724688412201	0.144506781360389	13.1137034443477	-18.9292837901663	NORMAL
exec673	3.3978503293	0.160160112131707	0.199782191598733	19.9713326709243	-0.003239792103052	NORMAL
exec782	3.3960048011	0.199690692341575	0.037464388850298	14.6656238302025	-18.1592960277508	NORMAL
exec387	3.3956980921	0.068684158470628	0.144510142322137	13.1263647565661	-18.964670933149	NORMAL
exec392	3.395481555	0.068684158470628	0.144942407181329	13.1360042454346	-18.9102589372181	NORMAL
exec416	3.39495224	0.068815625	0.143778125	13.125	-19.37503125	NORMAL
exec773	3.3947755351	0.196305950394204	0.000178028142897	19.9965080443793	-19.9962318667426	NORMAL
exec498	3.3940701386	0.0969265625	0.1656421875	17.8125	-12.187890625	NORMAL
exec386	3.3932195147	0.068684158470628	0.144125709486937	13.3602331135682	-18.9820539909093	NORMAL
exec407	3.3923866875	0.068724688412201	0.144548472437401	13.1125910490174	-18.9326553805606	NORMAL
exec611	3.3920002635	0.138313109343568	0.199962399436386	0.005910146664058	-19.9897180920117	NORMAL
exec588	3.3919597375	0.129676701940086	0.199892998493814	0.019933177768858	-19.9933967288119	NORMAL
exec528	3.3912527256	0.107618344463206	0.199900224242437	19.9968493643048	-19.9835488036518	NORMAL
exec746	3.390930753	0.186792457741951	0.199975128630592	19.9981032929221	-0.024539160972079	NORMAL
exec480	3.3908380097	0.090740935281094	0.199988132125656	19.9964505306067	-0.007143526203528	NORMAL
exec564	3.3907912013	0.121245556030039	0.199909154746037	0.022393609996593	-19.988658992241	NORMAL
exec385	3.3902224395	0.068640012594066	0.144349150461999	13.6084719667485	-19.0467942561834	NORMAL
exec417	3.3894746195	0.06890735428961	0.143555471421029	13.1335036285518	-19.5016574201423	NORMAL
exec659	3.3883291415	0.155075160630631	0.077062143495788	18.9475080903441	-4.04470872397487	NORMAL
exec532	3.3879147151	0.108760493654867	0.199987331104956	19.9751428951324	-19.9956001161593	NORMAL
exec410	3.3862677154	0.06874111710378	0.144465110237283	13.1152513290032	-18.9799413422505	NORMAL
exec576	3.3857370494	0.125927382789468	0.199791903379652	0.005004434301771	-19.9904042116008	NORMAL
exec548	3.3855817573	0.115336612037306	0.199795773235208	0.008550161923124	-19.9924408173414	NORMAL
exec393	3.3855194619	0.068698974621589	0.144634673523871	13.118741332476	-18.9379505626794	NORMAL
exec496	3.3854007288	0.095892205756955	0.199981213135059	19.9804367841221	-19.9989230070374	NORMAL
exec610	3.385378395	0.138266106804342	0.000159769792871	19.9947485314321	-0.001494489480255	NORMAL
exec421	3.3848131867	0.069997107824202	0.144532406411025	14.1548518904902	-19.1219465534835	NORMAL
exec423	3.3848039927	0.070690307051396	0.14189181345166	13.1513464961455	-19.8729628164725	NORMAL
exec396	3.3838622623	0.068724688412201	0.144294752253022	13.1125910490174	-18.9451352697391	NORMAL
exec419	3.383824019	0.069825946015484	0.146673461736253	4.07816199059728	-13.1568224439168	NORMAL
exec474	3.3832403068	0.088907219014971	0.199523293012387	19.996870254844	-19.979339100257	NORMAL
exec437	3.382758724	0.0750625	0.0750625	2.5	-2.500875	NORMAL
exec555	3.3825419908	0.117755846733254	0.001448628104062	16.9714531233643	-4.08344258003803	NORMAL
exec710	3.3820223711	0.17335646594353	0.199956900125315	0.010630391629096	-19.989839804452	NORMAL
exec418	3.3815209234	0.06948050349633	0.145098623332078	13.6388653009819	-18.714503423089	NORMAL
exec674	3.3814506584	0.160600254347761	0.043962719111697	3.00807019152035	-4.65619134999578	NORMAL
exec556	3.3810070391	0.118188052515345	0.199991214039625	0.020515496577105	-19.9943877411498	NORMAL
exec567	3.3809270813	0.122593095886617	0.199714929781248	0.018626528038138	-19.9983167252596	NORMAL
exec344	3.3807997706	0.053564845014097	0.199960732953391	19.9970178677866	-0.015270009536494	NORMAL
exec736	3.3801104041	0.183668477662055	0.199904306169689	19.999193721244	-19.9943939113055	NORMAL
exec477	3.3797220865	0.089653738231622	0.199685401421556	19.9957013223175	-0.012686966202942	NORMAL
exec769	3.379329593	0.19514506714249	0.046294421057574	11.0196764677125	-4.51699559279854	NORMAL
exec384	3.3785295643	0.068634632818683	0.144520710761963	13.1190566565305	-18.9289785859117	NORMAL
exec432	3.3784758997	0.073527066878563	0.124364761000575	6.64549736416399	-13.8752416069387	NORMAL
exec428	3.3782396449	0.071943039906406	0.148868477903564	13.9373757864448	-19.9220459174464	NORMAL
exec391	3.377519913	0.068684158470628	0.144905729731453	13.1360042454346	-18.964670933149	NORMAL
exec609	3.3746627183	0.13753125	0.16251875	3.75	-18.7500625	NORMAL
exec634	3.3730375817	0.146134885350253	0.199678127286129	19.9798375831862	-19.9974186715259	NORMAL
exec519	3.3729093474	0.104392459384621	0.199878828817153	19.9973168159738	-19.994627645835	NORMAL
exec779	3.3720039238	0.198883893953394	0.00024114326711	19.9955263741801	-0.023297091827988	NORMAL
exec733	3.3715279519	0.182141958828032	0.19999190679099	19.9985713363424	-0.006665215612443	NORMAL
exec627	3.3711250406	0.143778125	0.068815625	0.625	-11.87540625	NORMAL
exec394	3.3705423947	0.068698974621589	0.144752589747285	13.1171176313455	-18.8380647047357	NORMAL
exec450	3.3699927876	0.079842823304823	0.157904939593937	15.3538890676167	-19.9995234715561	NORMAL
exec595	3.3699839001	0.132376911401826	0.133266900434259	12.5505274344495	-7.23873527073936	NORMAL
exec566	3.3696394863	0.122044099727811	0.199978908894244	19.987114930378	-0.003986853787346	NORMAL
exec397	3.3692645719	0.068724688412201	0.144426124090843	13.1072133254927	-18.9294903752272	NORMAL
exec279	3.3690588841	0.028539696236446	0.199997015789692	19.9999119417432	-0.016167622284879	NORMAL
exec753	3.3687894935	0.189630855076216	0.199688017546701	19.9958387871324	-0.023746263743789	NORMAL
exec706	3.3679561475	0.1718890625	0.1906296875	10.3125	-14.687765625	NORMAL
exec763	3.3655926455	0.192968452068947	0.199954391278427	19.9962760701529	-19.9794572827839	NORMAL
exec594	3.3653404258	0.132252145732474	0.199956005728254	19.9937872261318	-19.9878716835642	NORMAL
exec583	3.3653271169	0.128068693963688	0.199875795241441	19.9829480210189	-19.9974588531776	NORMAL
exec488	3.3651531145	0.093497963136957	0.128057641575151	11.6839717295579	-5.38724348709035	NORMAL
exec713	3.3645869639	0.174795358780821	0.172503404503798	10.7193015643929	-12.8213982817575	NORMAL
exec651	3.3645298115	0.152293519334169	0.199920972884356	19.9986953462822	-19.9853995214483	NORMAL
exec395	3.3643027756	0.068724688412201	0.144118541039227	13.1217721143928	-19.121771980874	NORMAL
exec227	3.363760563	0.005030558128259	0.000118560161148	6.00834704942563	-0.002501309459603	NORMAL
exec606	3.3636372225	0.136783887257196	0.199922082027048	19.9893079487154	-0.009665200956277	NORMAL
exec436	3.3630359798	0.07487520548283	0.143944586944936	14.0188739958595	-19.9994686071038	NORMAL
exec413	3.3625888578	0.068744743332096	0.144456399653572	13.1137620984734	-18.9119155597784	NORMAL
exec620	3.3625637539	0.141793294706606	0.159239895473299	19.670808171904	-6.72643881533733	NORMAL
exec614	3.3621644442	0.139635138940853	0.199969589495201	19.9949311146501	-0.02212444490355	NORMAL
exec522	3.3620359328	0.105736259993471	0.199952326009992	0.000421789340515	-19.9914475408743	NORMAL
exec744	3.3612985138	0.186443760674898	0.000174563982313	0.007719695527534	-19.996589846322	NORMAL
exec549	3.3610149217	0.115713448497862	0.199989293201741	19.9879206238768	-19.9875556383422	NORMAL
exec676	3.3605543095	0.160787732521007	0.199661938312824	19.979560906325	-19.9885939995413	NORMAL
exec409	3.3604810029	0.06873869551306	0.144584196365301	13.1020466598317	-18.9264795085842	NORMAL
exec420	3.3597314217	0.069837854567505	0.071343755513103	11.1081513704837	-4.39394508105987	NORMAL
exec575	3.3590928656	0.125585453189433	0.199918020137444	19.9923030673869	-0.023249752909781	NORMAL
exec749	3.3586482687	0.188053882075804	0.000287890356509	0.006865038074606	-19.9978964263929	NORMAL
exec685	3.3582319695	0.163959015072339	0.199981566863794	19.9976855539834	-19.997233813931	NORMAL
exec506	3.3577728611	0.10005	0.10005	10	-10.0005	NORMAL
exec675	3.3576981912	0.160705082591334	0.000116706875018	0.016259352525414	-19.9949189183275	NORMAL
exec547	3.35761958	0.114941723262473	0.182959679063689	17.7753986317093	-0.121716597878486	NORMAL
exec544	3.3574181162	0.114005841678585	0.199973084264919	0.001565363568221	-19.9735548926425	NORMAL
exec747	3.3571825352	0.187267529591901	0.167219000204021	2.77429913140164	-18.7097903650709	NORMAL
exec742	3.3556104737	0.185760985061575	0.199984597262574	19.9835676952936	-0.020276557438169	NORMAL
exec590	3.3553251624	0.130530952938788	0.199764842431526	0.032863883867155	-19.9910863240973	NORMAL
exec777	3.3551207105	0.19828223519476	0.199921038972213	19.9730982708277	-0.051804465430731	NORMAL
exec741	3.3549305504	0.185200671815229	0.000559375033613	0.000599045035867	-19.9953314350498	NORMAL
exec573	3.3544161838	0.124959396027533	0.161288388981169	5.30238515174252	-6.13986268105826	NORMAL
exec722	3.3543687366	0.177744319976519	0.000215652476413	0.001001205616709	-19.9979144157564	NORMAL
exec514	3.3538064538	0.102868232691675	0.0550860538088	2.7051156346604	-17.0685877545085	NORMAL
exec426	3.3520439505	0.071920676522257	0.10264318502388	13.2814929532134	-0.020833654120448	NORMAL
exec623	3.3516262914	0.142363111109243	0.193686225979562	15.1526322215567	-6.6189926491756	NORMAL
exec424	3.3514491825	0.070967280751384	0.161823705664081	13.8235710834161	-19.9995184828341	NORMAL
exec415	3.3512866519	0.068786817295704	0.144520710761963	13.1096273302788	-18.9338066652796	NORMAL
exec776	3.3511837994	0.197756617788196	0.000160820129555	0.002040744972744	-19.998883098319	NORMAL
exec760	3.3511587064	0.19207950733833	0.000116023937581	0.00220591895033	-19.9986587218296	NORMAL
exec714	3.350773219	0.1750125	0.1750125	12.5	-12.500375	NORMAL
exec732	3.3507465262	0.182028855903993	0.000190532457442	0.018835990741128	-19.9851681817283	NORMAL
exec661	3.3503742311	0.155628510885956	0.000104500742119	0.004455342113797	-19.9424989878572	NORMAL
exec603	3.3501584763	0.135353430611	0.19999229109218	19.9782871870424	-0.067536722748056	NORMAL
exec660	3.3501082146	0.155242756462514	0.199812661552571	19.9884545811085	-0.013248064105802	NORMAL
exec256	3.3499089009	0.019580978320544	0.075161547729229	1.90313702487175	-15.66904545773	NORMAL
exec546	3.3494038938	0.114717776691146	0.000227520851684	0.001629503273623	-19.9906324610042	NORMAL
exec557	3.3492091801	0.118790625	0.193753125	18.125	-4.37578125	NORMAL
exec635	3.3489325617	0.146593163159494	0.00013460785173	0.012811683340657	-19.9983984385542	NORMAL
exec637	3.3488765443	0.147568379251129	0.199848243643934	0.035965332330535	-19.992900843755	NORMAL
exec682	3.3488672233	0.163043766709702	0.000110607259055	0.009137671875979	-19.9918516367975	NORMAL
exec464	3.3486932753	0.085076924257321	0.080315981136951	13.4963564400159	-13.0506290248387	NORMAL
exec537	3.3482257604	0.110674000776451	0.000135403064806	0.022016616508584	-19.9915335991871	NORMAL
exec442	3.3481675067	0.077047135519095	0.000248041396522	0.007887092714851	-19.9987779271896	NORMAL
exec708	3.3481037763	0.172606502566959	0.000159724978406	0.020933731259168	-19.9996292351906	NORMAL
exec703	3.3479170944	0.170436620941667	0.000114419002374	19.9678224555831	-19.9854810269433	NORMAL
exec469	3.3478715695	0.086723055231987	0.199960166716587	19.9996263529927	-19.9722707583937	NORMAL
exec414	3.3474994096	0.068762900029763	0.144472134390076	13.1248795100524	-18.9940067800008	NORMAL
exec360	3.3467389629	0.0594453125	0.1031734375	6.5625	-0.938453125000002	NORMAL
exec448	3.3466343339	0.079161782431463	0.00020577874845	0.009910572930909	-19.9860654634976	NORMAL
exec646	3.3465701806	0.150779147370987	0.199856576607969	0.001495370324046	-19.9625523192009	NORMAL
exec740	3.346553423	0.184886624573981	0.199938146942716	19.9961718485382	-19.9886468381539	NORMAL
exec711	3.3465022134	0.173946836335122	0.199932293278861	19.9987087172302	-19.9940828972667	NORMAL
exec471	3.346213494	0.08755625	0.11254375	8.75	-3.7508125	NORMAL
exec378	3.3461232905	0.066158113893933	0.000319780581544	0.002663703375251	-19.9966755457678	NORMAL
exec628	3.3453791633	0.144138219856061	0.199813895970655	19.9991064139131	-19.9934369877533	NORMAL
exec248	3.3452017548	0.0157171875	0.0469515625	19.6875	-0.313484375000002	NORMAL
exec422	3.3450390384	0.070274121766205	0.141488462689571	13.1240989025856	-19.9958972453481	NORMAL
exec624	3.3448268497	0.142753064394263	0.199878328778057	9.76859896156321	-0.009027755972568	NORMAL
exec686	3.3447578443	0.164396330566423	0.00031534873868	0.008463653174245	-19.9882222850717	NORMAL
exec775	3.3447377775	0.197431551892171	0.199674689488859	19.9936951355879	-19.99748142647	NORMAL
exec656	3.3446477249	0.15397937464372	0.138098244215267	16.0917926623121	-13.4669306933945	NORMAL
exec456	3.3444472822	0.081952307285449	0.000108130026526	0.003490919923979	-19.9946387903577	NORMAL
exec687	3.3443317641	0.164613862722358	0.19997380026237	19.9974348973595	-0.001064655144045	NORMAL
exec486	3.3443250357	0.092677618127237	0.086106950424759	19.9997000560237	-19.9932507497793	NORMAL
exec726	3.3442617095	0.1792791058584	0.199991790686154	19.992252401726	-19.9848784469994	NORMAL
exec365	3.3432155689	0.061569584621365	0.000116667418116	0.004988558082326	-19.9985828929352	NORMAL
exec348	3.343164006	0.054936949347577	0.000237859293343	0.013632113779355	-19.9998602052839	NORMAL
exec591	3.3427586694	0.131284375	0.131284375	6.875	-13.12534375	NORMAL
exec447	3.34256642	0.078721194459117	0.199949583647198	19.9984112403361	-0.00772249422597	NORMAL
exec663	3.3425117079	0.156271875	0.156271875	9.375	-5.62571875	NORMAL
exec359	3.3423954421	0.058881451808805	0.000205455533032	0.007201410287455	-19.9861083080708	NORMAL
exec320	3.3423371071	0.044397820120382	0.000281524128429	0.005578414831292	-19.9946692172095	NORMAL
exec641	3.3423094687	0.148653794477443	0.199918294379696	0.001591534525334	-19.9894809975415	NORMAL
exec345	3.3422028384	0.053695154465275	0.000107336007145	0.00135685616858	-19.9791586576203	NORMAL
exec352	3.3418663128	0.056321875	0.056321875	19.375	-15.62521875	NORMAL
exec699	3.341446669	0.168765625	0.043828125	3.125	-9.37553125	NORMAL
exec783	3.3410902994	0.199944885819618	0.199937274520335	19.9928176594041	-0.016454130493937	NORMAL
exec287	3.340889864	0.031334375	0.031334375	16.875	-3.12584375	NORMAL
exec645	3.3408393529	0.150310942390111	0.199957683357429	19.9957886361166	-19.9971898919207	NORMAL
exec268	3.3407940483	0.024103184107436	0.031840555797357	9.1175345215203	-3.35329379424596	NORMAL
exec735	3.340728822	0.183044612299192	0.060819335024261	2.00136944899516	-10.9568602039144	NORMAL
exec650	3.3407170973	0.151926637547595	0.050483313095284	2.5505456978566	-7.6854997467194	NORMAL
exec340	3.3406527231	0.051953216085554	0.000117406338192	0.011466596479757	-19.9974246492582	NORMAL
exec380	3.3405599669	0.06684865053605	0.001931702000639	3.56809676308828	-13.4846827624653	NORMAL
exec382	3.3405307312	0.067720274266728	0.005554449425893	4.14934330939866	-10.261571056392	NORMAL
exec739	3.3404520945	0.1843828125	0.1281609375	4.0625	-3.438328125	NORMAL
exec578	3.3403393336	0.126960275577647	0.199993002957547	0.024638799707981	-19.9950929206244	NORMAL
exec478	3.3402273289	0.090242655332747	0.000286791950339	19.9890729572863	-19.9797342242704	NORMAL
exec332	3.3402245325	0.048452623587528	0.000101752961598	19.9948107815483	-19.9763381800313	NORMAL
exec510	3.3402244578	0.101560564637028	0.000271710401388	19.9878981226568	-0.00436325809352	NORMAL
exec234	3.340218839	0.007941644184746	0.000216824702652	19.9997187289073	-19.9942281588184	NORMAL
exec571	3.3402168941	0.124129166715574	0.000263541110437	19.9953506284408	-19.9873631849223	NORMAL
exec680	3.3402132009	0.16224560916134	0.000410817189655	19.9906570621494	-19.9875970139072	NORMAL
exec482	3.3401966993	0.091291868571689	0.000221774211823	19.9535165000622	-0.012744750110294	NORMAL
exec370	3.3401920021	0.063351905888024	0.000161751474481	19.9890356623481	-19.9938714477344	NORMAL
exec530	3.3401917366	0.10817785221065	0.000168974514602	19.9728711247098	-19.9811210451733	NORMAL
exec647	3.3401912376	0.150973597425148	0.000327207998264	19.999306366638	-0.018744740209286	NORMAL
exec695	3.3401881793	0.167314075486534	0.000171391765585	19.9991481074715	-19.9921057532843	NORMAL
exec339	3.3401867951	0.05152622880973	0.000319549582134	19.9997569399603	-0.010610983201715	NORMAL
exec748	3.3401856665	0.18750625	0.01259375	18.75	-13.7503125	NORMAL
exec322	3.3401841574	0.045072482657174	0.000266430130358	19.9745451686904	-19.9831799484677	NORMAL
exec453	3.3401818917	0.080663130418937	0.000234235364834	19.9941894974431	-0.001335880129531	NORMAL
exec347	3.3401755011	0.054545165016334	0.000249667952054	19.9920604472463	-0.001161297994777	NORMAL
exec221	3.340175208	0.002937146409225	0.000130503046879	19.9982311980857	-0.043636229727397	NORMAL
exec667	3.3401731381	0.157854002799656	0.000158731666895	19.9986304016547	-19.9929888033671	NORMAL
exec568	3.3401716457	0.122695450891336	0.000215032902647	19.9951830692226	-0.017293030378681	NORMAL
exec636	3.3401710154	0.1469015625	0.1156671875	12.8125	-7.188140625	NORMAL
exec273	3.3401706923	0.026032102251641	0.000160125768841	19.9925523822625	-19.9930824753887	NORMAL
exec552	3.3401668397	0.116857640105727	0.008193922607771	5.60090618218702	-10.7104731738839	NORMAL
exec697	3.3401659785	0.168037718700314	0.000257801624106	19.9789746315857	-0.010027891913396	NORMAL
exec580	3.3401634058	0.127716872259683	0.032557202887758	11.2087188140215	-2.86991428673388	NORMAL
exec455	3.3401632891	0.0815159203463	0.000224772286356	19.9997660171303	-19.9790054921887	NORMAL
exec738	3.3401630578	0.184220685963982	0.000148977914913	19.9967890308711	-19.9923506783926	NORMAL
exec505	3.340159855	0.099340847646922	0.000372979320944	19.9841633508812	-19.9946001236814	NORMAL
exec716	3.3401583442	0.175780480955588	0.000234421980499	19.9997567112459	-19.995038538803	NORMAL
exec640	3.3401533045	0.148494354701686	0.000110370998268	19.9789735409466	-19.9789371268143	NORMAL
exec242	3.3401478877	0.012443359146463	0.000252476863761	19.9955501550936	-0.001645706773726	NORMAL
exec574	3.3401456536	0.1250375	0.0250875	7.5	-17.500125	NORMAL
exec690	3.3401445038	0.165358678201159	0.000182856535933	19.9895870319431	-0.001593481557872	NORMAL
exec543	3.3401428582	0.113435345621982	0.000112800590379	19.9912600017519	-0.014129601176531	NORMAL
exec755	3.3401426806	0.190482122834637	0.007275688738729	5.22534974604079	-2.60789093892218	NORMAL
exec312	3.3401413711	0.040915933503912	0.004449775735559	13.3434469263049	-18.6130349174371	NORMAL
exec592	3.3401413539	0.131609354144473	0.000310255861041	19.9933165770372	-19.9894361993218	NORMAL
exec449	3.3401409652	0.079329900252033	0.000146851752029	19.9991873158406	-0.001133860668322	NORMAL
exec669	3.3401405191	0.158445881713383	0.00038063716766	19.9994948658864	-0.100731465052867	NORMAL
exec492	3.3401395604	0.094703327247917	0.000222390244244	19.9991016620308	-0.01276786149915	NORMAL
exec503	3.3401394437	0.098444206052745	0.000106299598395	19.9987577292039	-19.9938421272605	NORMAL
exec342	3.3401380957	0.052946247371379	0.000217708767761	19.9959227642985	-19.9809335871993	NORMAL
exec709	3.3401353266	0.173239038725173	0.092753979646489	19.9955573176818	-0.014392096618796	NORMAL
exec444	3.3401327406	0.077627503170369	0.005251411822175	12.9891482292221	-18.1565069497916	NORMAL
exec309	3.34013165	0.039778717350614	0.000125167061516	19.9770900210934	-0.041967766567083	NORMAL
exec493	3.3401305936	0.095127192346517	0.064138084344601	18.1499826227778	-15.8249771658158	NORMAL
exec545	3.3401284075	0.114280873764158	0.000158406359801	19.9970434164602	-0.020504808599405	NORMAL
exec565	3.3401282585	0.1219140625	0.0407046875	5.3125	-19.687515625	NORMAL
exec326	3.3401277828	0.046671447289798	0.000672994178405	19.9889555204153	-0.011933629537474	NORMAL
exec429	3.3401276753	0.07263643899518	0.000234408927807	19.9996142686367	-0.020844646295416	NORMAL
exec434	3.340127113	0.074246326005074	0.000106437983086	19.9987532896526	-0.00569403082612	NORMAL
exec375	3.3401266019	0.064736707067382	0.026432765916503	19.2027081248645	-0.9829358114267	NORMAL
exec269	3.3401251106	0.024291872015816	0.00034352657375	19.9959103796344	-0.005233756662367	NORMAL
exec655	3.3401241629	0.153707716492586	0.00011488861973	19.9939670483956	-19.9906448429778	NORMAL
exec361	3.340122478	0.060020683897982	0.00016320417488	19.9801313555763	-19.9988274874419	NORMAL
exec608	3.3401208862	0.13750791092274	0.000124986664641	19.9977432576248	-0.00101235914839	NORMAL
exec717	3.3401198788	0.176384027842898	0.000406792797047	19.9941183721493	-0.002052711924186	NORMAL
exec662	3.3401174222	0.155820764022328	0.00014283118946	19.9942632467543	-19.9991136626949	NORMAL
exec337	3.3401120555	0.05075162755945	0.000198950333602	19.9903204759653	-0.004926111709519	NORMAL
exec632	3.3401114385	0.145565547019426	0.000228918523406	19.9462403130958	-0.004032923948085	NORMAL
exec731	3.3401110735	0.181259375	0.081309375	11.875	-18.12509375	NORMAL
exec579	3.3401110219	0.127027172267024	0.000274780025256	19.9968367957817	-0.004793022014013	NORMAL
exec511	3.3401109369	0.102168866134367	0.000160451658496	19.9756970680935	-19.9927056952508	NORMAL
exec459	3.3401104479	0.082821764107167	0.000217465677954	19.9796481595958	-0.002282767761933	NORMAL
exec354	3.3401090235	0.05728296010656	0.000328904078251	19.9790103456917	-19.9863773290626	NORMAL
exec705	3.3401085074	0.171412845910694	0.000134787018288	19.9936527610594	-0.015189901642092	NORMAL
exec689	3.3401069092	0.16524660409478	0.114403280402955	19.2454016270422	-2.30988401096577	NORMAL
exec577	3.3401066394	0.126341321672433	0.000100056982564	19.9935804970257	-0.009859748839908	NORMAL
exec618	3.3401014696	0.140924452962712	0.000282516053649	19.9767901338331	-0.014212792402923	NORMAL
exec626	3.3401004892	0.143228136006173	0.000373490349704	19.9681853150134	-19.9915486132856	NORMAL
exec540	3.3400973776	0.112238050321511	0.049896421207882	5.71684649964334	-17.5970400967765	NORMAL
exec369	3.3400969414	0.06256875	0.03758125	11.25	-11.2504375	NORMAL
exec463	3.3400965714	0.0844328125	0.0282109375	14.0625	-13.437828125	NORMAL
exec692	3.3400957417	0.166100852982016	0.004763724526399	13.7683385126603	-16.6831383171475	NORMAL
exec638	3.3400952951	0.147849585584105	0.00017470380159	19.9848974996295	-0.015317239408823	NORMAL
exec289	3.3400941384	0.032169134512054	0.000131199438325	19.9880600712135	-0.003075409748515	NORMAL
exec586	3.3400938854	0.128895719538304	0.000110842843389	19.9919251940725	-0.005364283827987	NORMAL
exec563	3.3400914029	0.121119012767708	0.000127397831621	19.9934715561791	-0.008236831246371	NORMAL
exec330	3.340083741	0.047717344403643	0.000148034525567	19.9997452325961	-19.985072427885	NORMAL
exec431	3.340082439	0.073512991524738	0.000110246212245	19.9935066732661	-0.013291055124906	NORMAL
exec589	3.3400808305	0.130388898835569	0.000141004066893	19.9924122320314	-0.017262174078013	NORMAL
exec292	3.3400797453	0.033049491496956	0.000120343870817	19.9978614492426	-0.009091178595313	NORMAL
exec534	3.3400796055	0.109440086779996	0.000302579982133	19.9996413456991	-0.013822294511901	NORMAL
exec524	3.3400795146	0.106296875	0.006346875	14.375	-0.625968750000002	NORMAL
exec293	3.3400791869	0.033678788818045	0.000321376783819	19.9990231018635	-19.9655556690439	NORMAL
exec538	3.340078969	0.111094574337473	0.000162992513527	19.9912927457887	-19.9935339905216	NORMAL
exec541	3.3400751477	0.11254375	0.08755625	16.25	-6.2506875	NORMAL
exec587	3.3400726497	0.129612609530127	0.000115591800762	19.991601139379	-19.9696031537831	NORMAL
exec508	3.3400695116	0.100874821206102	0.000187399973558	19.9925335146263	-19.9945516867908	NORMAL
exec774	3.3400693577	0.1968765625	0.0656921875	7.8125	-2.188390625	NORMAL
exec693	3.340068529	0.16660952065972	0.000147078743435	19.9996669671226	-0.021682800545079	NORMAL
exec642	3.340068322	0.149168021422412	0.000259788522978	19.9817430607302	-0.010523236743346	NORMAL
exec729	3.3400675634	0.180348818633903	0.014120669119529	11.6543870913237	-1.0562249929385	NORMAL
exec446	3.3400646025	0.078308969307561	0.000359230709821	19.9976724252032	-19.9488883431757	NORMAL
exec485	3.3400627337	0.092079619298264	0.000141123256861	19.9946904974612	-0.021477015395774	NORMAL
exec500	3.340061096	0.09757799437246	0.000430102175259	19.9878222324362	-19.9956351704875	NORMAL
exec569	3.3400589761	0.123359595877606	0.000253766250502	19.990154593432	-19.9823785986409	NORMAL
exec613	3.3400566144	0.13916755332934	0.000481022027155	19.9962134297566	-19.9977168466738	NORMAL
exec767	3.34005661	0.194553239430466	0.000124355689683	19.9860995775308	-0.010853091319721	NORMAL
exec752	3.3400537765	0.189043866884937	0.105052792143867	9.53005329782901	-19.4377379096475	NORMAL
exec621	3.3400531728	0.141834479273166	0.000239583319795	19.9943048998683	-19.9964366022388	NORMAL
exec440	3.3400529335	0.076126769195423	0.000132420748581	19.9903722412521	-0.048217708147742	NORMAL
exec373	3.3400526829	0.064085904463444	0.000158100928661	19.9952833802476	-19.9952625107314	NORMAL
exec495	3.3400526181	0.095410982081069	0.000165996360999	19.9949007488231	-0.022901422740503	NORMAL
exec765	3.3400491929	0.193753125	0.118790625	15.625	-16.87515625	NORMAL
exec684	3.3400491424	0.163600901310993	0.000185397524641	8.24970968387148	-0.008816469217766	NORMAL
exec756	3.3400478085	0.190524989320799	0.163255877271131	5.61873639073232	-4.93287644802548	NORMAL
exec333	3.3400469976	0.049157338289606	0.000141977767193	19.9867466582958	-19.99320429192	NORMAL
exec224	3.3400468019	0.003784915704504	0.000108349646272	19.98136587713	-0.009288235644139	NORMAL
exec727	3.3400399063	0.179724349299878	0.000264806956634	19.9983470792167	-0.001311309126812	NORMAL
exec489	3.3400392072	0.093803125	0.018840625	5.625	-6.87565625	NORMAL
exec700	3.3400267676	0.169392115289475	0.00010206188326	19.9991255497739	-19.9945420282632	NORMAL
exec605	3.3400242047	0.1361678315109	0.000181134750438	8.50219649935307	-19.9979610241533	NORMAL
exec657	3.3400156471	0.154391678788728	0.000315236027072	9.93919906018643	-19.9902165254561	NORMAL
exec554	3.3400068954	0.117314742304047	0.000185917722959	19.9784509748984	-19.9934984286496	NORMAL
exec678	3.3400067878	0.161467151942311	0.124452211456915	19.9938979401136	-19.9859899865942	NORMAL
exec734	3.3400062023	0.182619159872669	0.000127308716672	19.9862185091596	-19.9717020359936	NORMAL
exec781	3.3400059652	0.19958781234997	0.091174039675801	10.8375725839961	-6.36093668821953	NORMAL
exec719	3.3400036881	0.177024453212411	0.000400270537142	19.9851944421204	-19.9897631579044	NORMAL
exec521	3.3399882339	0.105093192038151	0.075566201149839	17.6284729511977	-19.6324516341746	NORMAL
exec771	3.3399814102	0.195612900346535	0.000111669538389	19.989613176774	-0.00598358479607	NORMAL
exec671	3.3399782692	0.1593953125	0.0032234375	16.5625	-10.937953125	NORMAL
exec665	3.3399663818	0.15709073899977	0.000238268895457	19.9987998716819	-0.002065462920406	NORMAL
exec721	3.3399610508	0.177368779493305	0.067494523683509	19.7815686203994	-19.0829347393296	NORMAL
exec644	3.3399554351	0.150025	0.050075	5	-5.00075	NORMAL
exec764	3.3399528746	0.19297488551634	0.001636078897368	15.1527536455729	-15.1443701709203	NORMAL
exec761	3.339928336	0.192416822688477	0.148790052374553	19.6822883208486	-16.6114952511564	NORMAL
exec600	3.3399099193	0.1344078125	0.0781859375	19.0625	-8.438078125	NORMAL
exec467	3.3394463941	0.085987254541217	0.199953884392474	19.9988729396761	-0.007589949999097	NORMAL
exec460	3.3394003869	0.08326298260392	0.065061051362225	6.80073399085127	-13.555396906769	NORMAL
exec615	3.3389962643	0.139825173655496	0.000240485146853	0.000362970153702	-19.9959707829052	NORMAL
exec516	3.3389537889	0.103631076009097	0.199843756149548	0.031967086219626	-19.9965536345617	NORMAL
exec598	3.3385918978	0.133606551346437	0.199797180618265	19.9807832840667	-19.9916906524551	NORMAL
exec681	3.3383479603	0.16251875	0.13753125	1.25	-1.2509375	NORMAL
exec258	3.338058793	0.019932362872495	0.06978330149654	15.4039821815858	-10.2226652842774	NORMAL
exec757	3.3378613819	0.191209130229629	0.199893584501522	19.9637023565125	-19.9932012961906	NORMAL
exec558	3.3377896334	0.118852387831286	0.000100526275611	0.000717630990957	-19.9995561437076	NORMAL
exec750	3.3376717408	0.188427307302938	0.199473716846855	19.9998968797532	-0.008905610138584	NORMAL
exec457	3.3375477287	0.082154126152525	0.077115870506972	19.9897103033865	-0.013723752282516	NORMAL
exec724	3.3372104949	0.178461828501879	0.199816421429665	19.9759954241376	-0.026447447885651	NORMAL
exec643	3.33713961	0.14939666987327	0.199985841608778	0.001437961767232	-19.9904947757071	NORMAL
exec363	3.3369801558	0.060713142951251	0.059616953695486	10.370363872618	-15.0529632192787	NORMAL
exec596	3.3366403895	0.13301638166314	0.199988806389522	19.9984766213258	-0.020255652896484	NORMAL
exec698	3.336390082	0.168518808693902	0.1999471068277	19.9975707973012	-19.9969594614337	NORMAL
exec483	3.3361898084	0.091892331943985	0.15442046123223	4.0425248875682	-15.993271489724	NORMAL
exec559	3.3360835549	0.119576478398883	0.000187049484583	0.01474991478727	-19.9898441114994	NORMAL
exec683	3.3360792059	0.16309215638663	0.199887701485394	19.9714528460853	-19.9779616578512	NORMAL
exec582	3.3360783542	0.127874478041288	0.154843487715296	15.6013519272564	-18.2886057235563	NORMAL
exec754	3.3360756353	0.189789432031781	0.000103871060629	0.011348357462869	-19.9956969718245	NORMAL
exec751	3.3359690341	0.188935263078315	0.000305302791014	0.010337818248998	-19.9864273337495	NORMAL
exec630	3.3359674297	0.145027532447171	0.199922601355694	19.996080365614	-19.9986576743872	NORMAL
exec324	3.3359030369	0.046038969448243	0.000112608955	0.008617866691428	-19.9889708659662	NORMAL
exec515	3.335881307	0.103003981631029	0.000104998408827	0.006189510801654	-19.9880420877205	NORMAL
exec581	3.3358567248	0.127804798760695	0.158414348514794	14.9560330762057	-17.6887073913919	NORMAL
exec602	3.3358423472	0.13509195543241	0.000123539405051	0.002549592403348	-19.9846404119872	NORMAL
exec653	3.3354347051	0.153002621185677	0.199998529519676	19.9970806893048	-19.998909550602	NORMAL
exec649	3.3351676839	0.151573815369223	0.199907206959544	19.9883516245384	-19.9980521203468	NORMAL
exec368	3.3347189089	0.062298318224423	0.163766854702731	13.0430801313556	-7.59253731975275	NORMAL
exec533	3.3345207345	0.1094203125	0.1531484375	1.5625	-15.937703125	NORMAL
exec327	3.3341007593	0.0469515625	0.0157171875	2.8125	-17.187640625	NORMAL
exec357	3.333320246	0.058182876705657	0.00033345368735	0.001867217603569	-19.9743091485222	NORMAL
exec303	3.332748919	0.03758125	0.06256875	13.75	-8.7505625	NORMAL
exec560	3.332212128	0.119783956821029	0.199885620271937	19.9963591408971	-0.005367301205865	NORMAL
exec341	3.332211533	0.052267289835758	0.199990295209316	19.9811224774391	-19.9678536141929	NORMAL
exec379	3.3321289017	0.066269489058713	0.199840471179638	19.9934301924156	-0.007338496255592	NORMAL
exec551	3.3319037972	0.116448148492883	0.19998225121107	19.9844481879912	-19.9898335719548	NORMAL
exec585	3.3314997186	0.128709816157976	0.199930633606068	0.008334533326745	-19.9870340157892	NORMAL
exec461	3.3312474445	0.083770916054468	0.199515777234812	19.9974853524041	-0.032899050579509	NORMAL
exec254	3.3309841441	0.018840625	0.093803125	8.125	-14.37528125	NORMAL
exec238	3.3295282522	0.0094703125	0.0531984375	11.5625	-5.938203125	NORMAL
exec441	3.3293509807	0.076700236713372	0.199990097642153	8.92212635049938	-0.006041452633404	NORMAL
exec323	3.3288173048	0.045193386327163	0.060197281191543	3.46287216518899	-9.95212232640379	NORMAL
exec277	3.3281797365	0.02770237253122	0.076370809918707	12.057430382751	-2.00433803845866	NORMAL
exec358	3.3280020874	0.058650639233785	0.199976641105336	19.992289555293	-0.004333642618693	NORMAL
exec472	3.3279620226	0.088162853099185	0.199892590221563	19.9834572686961	-19.9859533581248	NORMAL
exec465	3.3274660494	0.085281144600319	0.199554072460506	19.9933912905337	-19.9891066026348	NORMAL
exec349	3.3271494176	0.055286282135138	0.199990295209316	19.9929235363451	-19.995820432668	NORMAL
exec425	3.3267324683	0.071469784881249	0.037444468143714	1.10241340642545	-8.82606734292825	NORMAL
exec232	3.3265040712	0.007237528710935	0.049313445863185	11.298203192269	-19.5408540069482	NORMAL
exec443	3.3258985255	0.077290047482998	0.199864769588796	19.9845950033153	-0.005263510315988	NORMAL
exec321	3.325780309	0.044478561566484	0.199931193035982	19.9991063044507	-0.013323509869842	NORMAL
exec438	3.3255900169	0.075554564454792	0.199824819595207	19.9993977803019	-0.012300687670162	NORMAL
exec335	3.325429761	0.050075	0.150025	15	-15.00025	NORMAL
exec356	3.3248721863	0.058014378833274	0.199977283237537	19.9938010203422	-19.9901602361644	NORMAL
exec262	3.3245818849	0.0219640625	0.1406546875	15.3125	-9.688015625	NORMAL
exec325	3.3244047244	0.046128979158659	0.199860950513622	19.9918353503828	-0.014274914489239	NORMAL
exec301	3.3240766409	0.036809004399472	0.199995915953456	19.9991683470059	-0.030793907803474	NORMAL
exec316	3.3239137065	0.04246695124966	0.199985318282007	19.9974865985723	-19.9925445507677	NORMAL
exec383	3.3238932888	0.068043161837731	0.199900301488447	19.9966074713263	-0.025117057184605	NORMAL
exec381	3.3237610056	0.067220453428582	0.19995757274313	19.9996204408312	-0.003365489814943	NORMAL
exec376	3.3232434918	0.065235780120017	0.199963535790929	19.9980983367407	-19.9944678691035	NORMAL
exec318	3.3228689381	0.043232241550248	0.199995915953456	19.9981289343722	-19.998434413083	NORMAL
exec366	3.3224752618	0.061862026202931	0.199909749960344	19.9642826228261	-0.005923261733379	NORMAL
exec364	3.3220692109	0.060841050399249	0.199915651604557	19.9652609835673	-0.002075986161223	NORMAL
exec307	3.3214549102	0.039130479791234	0.199995915953456	19.998844632208	-19.9999481057629	NORMAL
exec329	3.3208987532	0.047364133159118	0.071555765087895	2.28388271240571	-16.5449275647696	NORMAL
exec377	3.3208908709	0.065570995668252	0.123996312759794	1.82512570270609	-12.5376032682004	NORMAL
exec319	3.3205848522	0.043828125	0.168765625	10.625	-1.87590625	NORMAL
exec328	3.3201516885	0.047347136774073	0.191692211681368	16.0636917757274	-13.3993695622287	NORMAL
exec439	3.3197522217	0.075641065254578	0.124413786303006	1.70594932779045	-17.7823474464849	NORMAL
exec271	3.3192490707	0.0250875	0.1250375	17.5	-7.500625	NORMAL
exec314	3.3188656596	0.041633881206916	0.199908129355176	19.9868247399436	-19.9915940342218	NORMAL
exec263	3.3186758744	0.022314662025059	0.164671426105434	15.1168010570356	-16.9474362031479	NORMAL
exec266	3.3186604558	0.023354343305918	0.122676043061397	16.9029635022547	-3.23397234076219	NORMAL
exec257	3.3184524706	0.019664981176044	0.112642352874232	10.4447016796798	-4.28209201170428	NORMAL
exec355	3.318361491	0.057740502554426	0.115218307401648	2.27926750997479	-5.66239173444897	NORMAL
exec276	3.318065418	0.027291950889362	0.138910168743611	6.77704961352683	-9.46708087106419	NORMAL
exec283	3.3170110398	0.030109184357468	0.199985318282007	19.9945982712645	-19.9704146269038	NORMAL
exec265	3.3165605367	0.022910184333934	0.134213010980149	8.12031568380309	-9.67718015156449	NORMAL
exec296	3.3164147081	0.035141116272975	0.199937755119972	19.9700341066311	-0.011795909573195	NORMAL
exec290	3.3161827678	0.032593120404961	0.09863918995966	3.19310405318515	-17.5446618993061	NORMAL
exec305	3.3161119576	0.038371632299762	0.199990295209316	19.9955763638043	-19.9782735240618	NORMAL
exec454	3.3158047186	0.081309375	0.181259375	1.875	-8.12559375	NORMAL
exec295	3.3155200639	0.0344578125	0.1781359375	9.0625	-18.437578125	NORMAL
exec310	3.3152454861	0.040352230676813	0.19992536219597	19.9961663312598	-0.01670535538787	NORMAL
exec235	3.3151460562	0.008405830876943	0.105501316224059	8.54292787581866	-18.8810492471715	NORMAL
exec281	3.314969481	0.029335001885038	0.199995915953456	19.9938875731145	-0.001260397072738	NORMAL
exec427	3.3144973969	0.0719390625	0.0906796875	0.3125	-4.688265625	NORMAL
exec298	3.3132055116	0.035953860286665	0.199990295209316	19.9955466838502	-0.004468469063482	NORMAL
exec484	3.3122887473	0.091928401039575	0.199947448146017	0.015283390612805	-19.9859459227032	NORMAL
exec371	3.3121399097	0.063358070741648	0.012126161022017	4.40766430098607	-0.162950466341201	NORMAL
exec259	3.3114246698	0.020587345269741	0.199995915953456	19.9511890182066	-19.9682267439398	NORMAL
exec285	3.3104405124	0.030787570289809	0.199908437621334	19.9845272923592	-19.9981097729317	NORMAL
exec240	3.3080856871	0.010724849833592	0.128297893123897	19.995775082617	-0.023104515036423	NORMAL
exec250	3.3055065732	0.016597967649879	0.199878578561689	19.9842173514481	-19.9963916803491	NORMAL
exec252	3.3041550638	0.017944315395197	0.199990295209316	19.9939334662461	-19.9964610137256	NORMAL
exec226	3.3041328538	0.00441642792136	0.106520821004967	18.7208128510383	-8.91146754937597	NORMAL
exec261	3.3039709861	0.021316283178862	0.199999699092472	19.9953308401477	-19.9869904367013	NORMAL
exec462	3.3032529615	0.084190843416126	0.187823960807395	0.221526514674379	-1.73506274103908	NORMAL
exec230	3.3018529322	0.006346875	0.106296875	4.375	-10.62546875	NORMAL
exec297	3.301151821	0.035304584977631	0.000122694001484	0.032534462184817	-19.9885167678984	NORMAL
exec300	3.3009437119	0.036701031303027	0.000133007974187	0.018041587919871	-19.9978366273524	NORMAL
exec231	3.3005631629	0.006381808496295	0.132924204581447	9.81602825712306	-19.4297522915154	NORMAL
exec452	3.3001482366	0.080421670735824	0.199916283753014	0.005527319001585	-19.9996284489361	NORMAL
exec466	3.3000355695	0.085433599536276	0.199983350261196	0.00292879624196	-19.9932165661857	NORMAL
exec529	3.2997604863	0.107936260281763	0.19976048613963	0.016018222651407	-19.9872108764624	NORMAL
exec542	3.2995120938	0.113128483176738	0.199837453209329	0.002060560095688	-19.9898610086496	NORMAL
exec243	3.2972729774	0.01259375	0.18750625	6.25	-16.2501875	NORMAL
exec246	3.2969109039	0.014355021959638	0.199995915953456	19.9972622471428	-19.9988721359051	NORMAL
exec278	3.2963277663	0.028441079253835	0.000174088990016	0.009201801041873	-19.9981352144031	NORMAL
exec244	3.2953086037	0.013076925258012	0.199876716139009	19.9886117015555	-19.9873306864794	NORMAL
exec491	3.2949509862	0.094463558967907	0.199690243481816	0.030124730455148	-19.9951766190414	NORMAL
exec236	3.2948503779	0.008935610987781	0.199995915953456	19.9902322767535	-0.0146782354247	NORMAL
exec525	3.293235234	0.106515543567319	0.199986993369617	9.68136336417912E-06	-19.9314797825709	NORMAL
exec433	3.2910543006	0.073978800258372	0.199968186774135	0.009523571748377	-19.9945958959183	NORMAL
exec494	3.2867960213	0.095396395488892	0.199913278538382	0.002243800363412	-19.9928568954439	NORMAL
exec481	3.2847559786	0.091112105933903	0.199929145190296	0.004221906001567	-19.9996332556319	NORMAL
exec228	3.2803103155	0.005543147566401	0.199995915953456	19.9981869248008	-19.9933459265138	NORMAL
exec458	3.2792552599	0.08253495590631	0.199995710692994	0.00055992465843	-19.9930944233034	NORMAL
exec430	3.2716840838	0.072872591275976	0.199951879265854	0.007433968600251	-19.9937640870008	NORMAL
exec280	3.2707275221	0.029241111100859	0.000108204272711	0.005197804377904	-19.9962777880206	NORMAL
exec351	3.2674975565	0.056228324381552	0.199929622567433	0.007077148444774	-19.9978730614884	NORMAL
exec374	3.2615766087	0.064587127247375	0.199922813500181	0.008211167070988	-19.9989257416714	NORMAL
exec367	3.2544475364	0.062133185708664	0.199999507794345	0.000565917433812	-19.9623760049677	NORMAL
exec346	3.2481647892	0.054254985017599	0.19977551346407	0.023731816729079	-19.9966891861972	NORMAL
exec311	3.2421424067	0.040598357861659	0.199597920762603	0.005430804145945	-19.9950584469034	NORMAL
exec308	3.2387337681	0.03965624071537	0.199942506845866	0.003562460084898	-19.9698300168494	NORMAL
exec338	3.2322489053	0.050985769775967	0.19990196990363	0.001405137740138	-19.9892668398373	NORMAL
exec288	3.213634422	0.031866954568561	0.199990295209316	0.008745056070378	-19.9995383127591	NORMAL
exec286	3.2114930272	0.031164942897685	0.199885786528294	0.020644593087393	-19.9495282859178	NORMAL
exec270	3.1819415494	0.024489386582126	0.199995915953456	0.057146736825008	-19.9994205985162	NORMAL
exec770	3.1010479536	0.195578970014969	0.199985855242539	0.003560576773869	-0.003065170578605	NORMAL
exec668	3.0969598082	0.158206462300698	0.19991153894911	0.011512722212268	-0.012658910422118	NORMAL
exec677	3.0959127618	0.161226743253922	0.199824188052023	0.018276083957008	-0.01197311577112	NORMAL
exec658	3.0908186618	0.154772675236443	0.199995992207168	0.01902275454599	-0.030432306584952	NORMAL
exec720	3.0770466359	0.177154081260455	0.199897315784366	0.025396645491859	-0.002220583891834	NORMAL
exec715	3.0744204021	0.175592813707507	0.199903175143916	0.004334454194333	-0.002335470354989	NORMAL
exec704	3.0737821459	0.171021573220872	0.199976203515668	0.019776793638048	-0.017881989317765	NORMAL
exec701	3.0705394657	0.169672131246601	0.19994647756655	0.003357102378072	-0.005322969215356	NORMAL
exec718	3.0682284545	0.176417151822687	0.199961088739613	0.001229700160152	-0.025723628893815	NORMAL
exec654	3.0513958767	0.153660598838881	0.19998110287605	0.003023033431248	-0.002935370242966	NORMAL
exec570	3.0383948612	0.123454008651713	0.199974334755187	0.000786843071914	-0.008355268898868	NORMAL
exec712	3.0357352952	0.17410559360769	0.000147210935162	0.051642521935074	-0.004543745645272	NORMAL
exec778	3.0334992252	0.198434728848789	0.000420539892579	0.020504621924779	-0.020143167595109	NORMAL
exec737	3.0303391812	0.18373087782879	0.000248107323619	0.01560605150674	-0.014279352183532	NORMAL
exec725	3.030228684	0.178948826136345	0.000202228469174	0.009541909569958	-0.007822715239467	NORMAL
exec512	3.0301250717	0.102282783803287	0.19998866687782	0.007295568828069	-0.011362971280171	NORMAL
exec629	3.0287786977	0.144630294259886	0.000171327171467	0.004233872679215	-0.028628778648532	NORMAL
exec607	3.0281746794	0.136882615325336	0.00013756386385	0.000938368811738	-0.003177750397821	NORMAL
exec625	3.0272651077	0.143163431554251	0.000172738716344	0.017707455764036	-0.037167064212458	NORMAL
exec499	3.0251541972	0.09702755804448	0.000167712756341	0.001121733551958	-0.036787583175595	NORMAL
exec535	3.0251283731	0.110028145196845	0.000131635656686	0.014734939823274	-0.040661486873901	NORMAL
exec639	3.0250944652	0.148146538179474	0.000169277233071	0.031661678796089	-0.001741309725134	NORMAL
exec527	3.0246738205	0.107142290508981	0.000118410926003	0.015226109301289	-0.002081989892442	NORMAL
exec599	3.0245339918	0.133963143654137	0.000116757129237	0.000993765353954	-0.008245821032517	NORMAL
exec617	3.0244612802	0.140529072816656	0.000250934488148	0.010183592230808	-0.028869156129591	NORMAL
exec468	3.0243624237	0.086019736933144	0.000161019899264	0.049926884206926	-0.001264040311643	NORMAL
exec758	3.0241332071	0.191362293234724	0.000209757685028	0.00969056987859	-0.005145398297454	NORMAL
exec550	3.0227782799	0.116013737692551	0.000174527495391	0.003728700771493	-0.009477714072382	NORMAL
exec762	3.0214630813	0.192854263135419	0.000124226688381	0.012130589062074	-0.0046725732273	NORMAL
exec476	3.0207303876	0.089562483753058	0.000331804562054	0.002462827680436	-0.003947526689483	NORMAL
exec473	3.0206670476	0.088361337612124	0.000138546491723	0.00313857464929	-0.003886802719556	NORMAL
exec584	3.0198736935	0.128252892507861	0.000183402641265	0.000428234993698	-0.008668742945471	NORMAL
exec679	3.0198293437	0.16179482674077	0.000374368805939	0.002327213549721	-0.001948577054215	NORMAL
exec702	3.0187700746	0.170317644833058	0.000396227122724	0.001612756488797	-0.013344247058193	NORMAL
exec518	3.0181076965	0.104305048411892	0.000242791813258	0.006888658328321	-0.004948755697065	NORMAL
exec502	3.0172973232	0.098419947583564	0.000158627601959	0.010574778556426	-0.00801018233642	NORMAL
exec317	3.0167111288	0.043002420064371	0.000116877720276	0.004659773659434	-0.016072530897663	NORMAL
exec451	3.016100867	0.079926685377296	0.000269865263012	0.012534002556168	-0.047072303397989	NORMAL
exec350	3.0158818919	0.055730076556472	0.000320294316931	0.014531142186007	-0.001580979059241	NORMAL
exec470	3.015599744	0.08688897700131	0.000119181628957	0.013783551209247	-0.001550962902911	NORMAL
exec343	3.0153937144	0.052967002483837	0.000134870866034	0.000377376458014	-0.014290987064232	NORMAL
exec336	3.0153350779	0.050258661230879	0.000240083129402	0.006722784760877	-0.0095305679354	NORMAL
exec633	3.0143642234	0.145904940449413	0.000106142357283	0.011140101948572	-0.030063527140523	NORMAL
exec299	3.0141706676	0.036063809267172	0.000309359728937	0.0002003146765	-0.033797274708647	NORMAL
exec306	3.013475815	0.038946125994206	0.000119018537671	0.018842621510338	-0.001275209564817	NORMAL
exec743	3.0133511452	0.185834118620964	0.000140476070118	0.005805387233798	-0.001182820933938	NORMAL
exec597	3.0126614033	0.13309923953122	0.000158249612093	0.005903234034789	-0.005840631397799	NORMAL
exec562	3.0126453247	0.12070997852993	0.000250739118318	0.001647772305622	-0.010235093211406	NORMAL
exec304	3.0125548926	0.038133287979071	0.000128883636077	1.66702944926021E-05	-0.004794877280094	NORMAL
exec648	3.0125039735	0.151256228241227	0.000100414002946	0.000996007367453	-0.010136963884616	NORMAL
exec315	3.0122796157	0.042268059546779	0.000140927797754	0.023924338962785	-0.012719861039877	NORMAL
exec531	3.0117249464	0.108464449058536	0.000198589172229	0.006866742624068	-0.001579553022555	NORMAL
exec593	3.0114097131	0.132017871233594	0.000143866152965	0.022173679374279	-0.002265137684088	NORMAL
exec766	3.0106135386	0.194119392531476	0.0002003619913	0.01142900211629	-0.005259491333813	NORMAL
exec652	3.010525233	0.15273270032582	0.000414801052565	0.009225669989705	-0.007892294050063	NORMAL
exec497	3.0103000177	0.096168002472523	0.000187987704199	0.004826667912341	-0.011002402005588	NORMAL
exec313	3.0092959269	0.041542096924943	0.000397727535952	0.013776703434121	-0.003479110596729	NORMAL
exec284	3.0076605921	0.030567386899049	0.000271456180197	0.014784028399483	-0.011979072206042	NORMAL
exec272	3.0011762311	0.025656289832164	0.199998107468582	0.005526888875939	-19.9958608095041	NORMAL
exec612	2.997933924	0.139016138945767	0.19995404581914	0.010135562841653	-0.004263429126539	LOW
exec604	2.9975252699	0.135729987059389	0.199989651176543	0.005202995888533	-0.011945132799649	LOW
exec501	2.9939531844	0.097764861313888	0.199994194101309	0.006444251970975	-0.003273796265574	LOW
exec509	2.9899140433	0.101527764383456	0.199907892292572	0.000273173215928	-0.031083034071788	LOW
exec553	2.989219568	0.11691793997166	0.199960545935542	0.018877996957349	-0.003729209871718	LOW
exec622	2.987619854	0.141928991392976	0.199968625292864	0.00023517631156	-0.012851229701653	LOW
exec475	2.9867688481	0.089000674087613	0.199872738151652	0.021247670300456	-0.00507447613289	LOW
exec572	2.985364331	0.12428415572863	0.199995106225719	0.015728352322366	-0.009681704712818	LOW
exec479	2.9837576868	0.090382123191651	0.199916562590551	0.027050217771768	-0.0074762606307	LOW
exec445	2.98362906	0.078173584295783	0.199944361559928	0.005704634374241	-0.01592851568245	LOW
exec520	2.9811498538	0.104940664946076	0.199810779677176	0.001615804673082	-0.010539227652092	LOW
exec507	2.9809237648	0.100707287936283	0.199973787912509	0.006239390569303	-0.001358785471059	LOW
exec504	2.9775185128	0.099137839936845	0.199919780194231	0.002769006010944	-0.018010336988482	LOW
exec362	2.9734655702	0.060106489174904	0.199992059704143	0.005224225658913	-0.021238299350234	LOW
exec487	2.9698229156	0.092857888188844	0.199730386350397	0.000652451761414	-0.00440570971918	LOW
exec334	2.9531175035	0.049370569525655	0.199990224386021	0.000346859087223	-0.001351755644986	LOW
exec372	2.9481981823	0.063705213717543	0.199995915953456	0.007337105228245	-0.007128983038601	LOW
exec353	2.9413322332	0.05690796593969	0.199983234214118	0.001781511757458	-0.014489747859631	LOW
exec331	2.9315566899	0.048326146497189	0.199983905376799	0.008142308550721	-0.011486839317705	LOW
exec291	2.9193574346	0.032939650893213	0.199953044196169	0.021469984177853	-0.004338241476543	LOW
exec302	2.9077136264	0.037210523417524	0.199943021115749	0.013807013896665	-0.0158289574781	LOW
exec282	2.9031751099	0.029872328766476	0.199847715618742	0.001148659795847	-0.005637523369696	LOW
exec274	2.8995049607	0.026448528553878	0.199995915953456	0.003303608272233	-0.016455143517245	LOW
exec294	2.8826372621	0.033830151988111	0.199995915953456	0.002149227938529	-0.002814057016032	LOW
exec267	2.7065341926	0.023452917445108	0.199995915953456	0.002541339010553	-19.9891327907661	LOW
exec249	2.5714149081	0.01604349232588	0.199995915953456	0.031995303512396	-19.9969435888354	LOW
exec264	2.5556648919	0.022521276174377	0.000212958300988	0.011957312193379	-0.001086396710217	LOW
exec260	2.3963776123	0.020948260832965	0.000271430919017	0.014548191790713	-0.003406766329096	LOW
exec253	2.0813979456	0.018073171887319	0.000117917287993	0.014434371523679	-0.001923467365881	LOW
exec255	2.0555051079	0.019485912160341	0.199839929129616	0.006628748272877	-0.005128412183552	LOW
exec245	2.0022510665	0.013503358381471	0.000278461972237	0.001173299568604	-0.004962718169512	LOW
exec241	1.8887542898	0.011626425116667	0.000266697164077	0.001512249381198	-19.9999162314864	LOW
exec251	1.8596935421	0.016917525261441	0.000207031689534	0.001758922496324	-0.013631859627768	LOW
exec247	1.7958979027	0.014955526040732	0.000188901960866	0.00168398880551	-19.9991030119174	LOW
exec239	1.5524961338	0.010144548359091	0.199990295209316	0.01317654438383	-19.9993817112871	LOW
exec237	1.3364197123	0.008947313775526	0.000187863773304	0.008442336767701	-0.008546135343998	LOW
exec233	0.96608180769	0.007258715867541	0.199995915953456	0.001441603904979	-0.008588145745179	LOW
exec223	0.68173890169	0.003623485398362	0.199990295209316	0.339461438936977	-8.44498135694306	LOW
exec229	0.6457607841	0.005736656355168	0.000191213480586	0.009381917013606	-0.031776094920787	LOW
exec219	0.24475108373	0.001933014395015	0.124431954513108	0.00334247263708	-19.9922033173605	LOW

