cycle	plasticDegradationEstrategy3-dPCA	defaultModel-3
0.0	0.01	0.01
1.0	0.010205652314	0.010126542568
2.0	0.010415533915	0.010283538722
3.0	0.01062973178	0.010421205085
4.0	0.010848334674	0.010582436729
5.0	0.011071433186	0.010742994558
6.0	0.011299119772	0.01090719734
7.0	0.011531488784	0.011073751552
8.0	0.011768636519	0.011243052383
9.0	0.012010661252	0.011414746228
10.0	0.01225766328	0.011589312294
11.0	0.012509744962	0.011766295961
12.0	0.012767010761	0.011946304326
13.0	0.013029567292	0.012128726659
14.0	0.013297523358	0.012314368019
15.0	0.013570990003	0.012502371813
16.0	0.013850080552	0.012693857291
17.0	0.014134910664	0.012887570348
18.0	0.014425598372	0.013085144301
19.0	0.01472226414	0.013284661935
20.0	0.015025030909	0.013488627032
21.0	0.015334024146	0.013693976845
22.0	0.015649371901	0.013904745029
23.0	0.015971204855	0.014115813628
24.0	0.016299656378	0.014334013592
25.0	0.016634862583	0.01455374153
26.0	0.016976962381	0.014740054671
27.0	0.017326097541	0.014968576092
28.0	0.017682412746	0.01519596823
29.0	0.018046055656	0.015431060236
30.0	0.018417176966	0.015666675507
31.0	0.018795930471	0.015904564746
32.0	0.019182473131	0.01615104642
33.0	0.019576965129	0.016373474001
34.0	0.019979569947	0.016627319026
35.0	0.020390454426	0.016879425574
36.0	0.020809788839	0.017141114584
37.0	0.021237746962	0.017403748343
38.0	0.021674506142	0.017670474521
39.0	0.022120247376	0.017940757152
40.0	0.022575155382	0.01821273606
41.0	0.023039418676	0.018495095957
42.0	0.023513229652	0.01877152418
43.0	0.02399678466	0.01906254721
44.0	0.024490284089	0.01935223399
45.0	0.024993932448	0.019652260015
46.0	0.025507938452	0.019950612875
47.0	0.026032515109	0.020259915825
48.0	0.026567879805	0.020567164765
49.0	0.027114254401	0.020886026385
50.0	0.027671865317	0.021205542338
51.0	0.02824094363	0.021528024762
52.0	0.02882172517	0.021861783008
53.0	0.029414450617	0.02219157092
54.0	0.0300193656	0.022535616409
55.0	0.0306367208	0.022880316853
56.0	0.031266772052	0.02323403887
57.0	0.031909780454	0.023579523806
58.0	0.032566012472	0.023945087327
59.0	0.033235740054	0.024312961485
60.0	0.033919240738	0.024685948783
61.0	0.034616797773	0.025065999235
62.0	0.035328700229	0.025448978433
63.0	0.036055243123	0.025843524914
64.0	0.036796727541	0.026239543476
65.0	0.037553460757	0.026638945663
66.0	0.038325756367	0.027051940719
67.0	0.039113934415	0.027464443227
68.0	0.039918321526	0.027890236328
69.0	0.040739251045	0.028314322283
70.0	0.041577063169	0.028753291425
71.0	0.042432105094	0.029194405246
72.0	0.043304731153	0.029646131107
73.0	0.044195302969	0.030081892698
74.0	0.045104189601	0.030548265246
75.0	0.046031767697	0.031021868169
76.0	0.04697842165	0.031492800045
77.0	0.047944543762	0.031981046498
78.0	0.048930534398	0.032476862446
79.0	0.04993680216	0.03297090257
80.0	0.050963764051	0.033482064683
81.0	0.052011845651	0.033995885308
82.0	0.053081481291	0.03452293817
83.0	0.054173114236	0.035053727852
84.0	0.055287196865	0.035586418546
85.0	0.056424190862	0.036138130131
86.0	0.057584567402	0.036698395138
87.0	0.058768807355	0.037256044383
88.0	0.059977401477	0.037833640897
89.0	0.061210850616	0.038420192138
90.0	0.062469665922	0.039007387128
91.0	0.063754369056	0.039612135463
92.0	0.065065492408	0.04022532633
93.0	0.066403579315	0.04083425181
94.0	0.067769184288	0.041467322815
95.0	0.069162873244	0.042110208594
96.0	0.070585223735	0.042763061307
97.0	0.072036825194	0.043416970864
98.0	0.073518279172	0.044090082877
99.0	0.075030199594	0.044773630435
100.0	0.07657321301	0.045453248122
101.0	0.078147958853	0.046157929418
102.0	0.07975508971	0.046873535692
103.0	0.081395271584	0.047600236319
104.0	0.083069184177	0.048337008526
105.0	0.084777521171	0.049071555646
106.0	0.08652099051	0.049832333123
107.0	0.0883003147	0.050604905262
108.0	0.090116231103	0.051389454919
109.0	0.091969492247	0.052186167788
110.0	0.093860866136	0.052984316585
111.0	0.095791136566	0.053805755281
112.0	0.097761103454	0.054639929096
113.0	0.099771583167	0.055487035467
114.0	0.10182340886	0.056343834232
115.0	0.10391743082	0.057217356978
116.0	0.10605451683	0.058087443981
117.0	0.10823555251	0.058987998661
118.0	0.11046144169	0.059902515029
119.0	0.1127331068	0.060831209538
120.0	0.11505148923	0.061774301998
121.0	0.11741754972	0.062732015627
122.0	0.1198322688	0.063704577103
123.0	0.12229664714	0.064692216619
124.0	0.12481170599	0.065695167936
125.0	0.1273784876	0.06671366844
126.0	0.12999805567	0.067726694351
127.0	0.13267149576	0.068776690484
128.0	0.13539991577	0.06984296516
129.0	0.13818444637	0.070925770752
130.0	0.14102624148	0.072025363545
131.0	0.14392647877	0.0731420038
132.0	0.14688636011	0.074275955809
133.0	0.14990711209	0.075427487966
134.0	0.15298998654	0.076596872821
135.0	0.15613626101	0.077784387155
136.0	0.15934723935	0.078990312034
137.0	0.1626242522	0.080214932887
138.0	0.16417715299	0.081222731134
139.0	0.16401297584	0.082023452065
140.0	0.16384896286	0.082832066771
141.0	0.1636851139	0.083648653072
142.0	0.16352142879	0.084473289555
143.0	0.16335790736	0.085306055581
144.0	0.16319454945	0.086147031294
145.0	0.1630313549	0.086996297628
146.0	0.16286832355	0.087853936314
147.0	0.16270545522	0.08872002989
148.0	0.16254274977	0.089594661707
149.0	0.16238020702	0.090477915938
150.0	0.16221782681	0.091369877585
151.0	0.16205560898	0.092270632489
152.0	0.16189355338	0.093180267338
153.0	0.16173165982	0.094098869672
154.0	0.16156992816	0.095026527896
155.0	0.16140835823	0.095963331286
156.0	0.16124694988	0.096909369998
157.0	0.16108570293	0.097864735077
158.0	0.16092461722	0.098829518465
159.0	0.16076369261	0.099803813012
160.0	0.16060292891	0.10078771248
161.0	0.16044232598	0.10178131156
162.0	0.16028188366	0.10278470587
163.0	0.16012160178	0.10379799199
164.0	0.15996148017	0.10482126741
165.0	0.15980151869	0.10585463063
166.0	0.15964171717	0.10689818109
167.0	0.15948207546	0.10795201922
168.0	0.15932259338	0.10901624644
169.0	0.15916327079	0.11009096516
170.0	0.15900410752	0.11117627883
171.0	0.15884510341	0.11227229188
172.0	0.15868625831	0.1133791098
173.0	0.15852757205	0.1144968391
174.0	0.15836904448	0.11562558735
175.0	0.15821067543	0.11676546318
176.0	0.15805246476	0.11791657628
177.0	0.15789441229	0.11907903745
178.0	0.15773651788	0.12025295855
179.0	0.15757878136	0.12143845255
180.0	0.15742120258	0.12263563355
181.0	0.15726378138	0.12384461677
182.0	0.1571065176	0.12506551855
183.0	0.15694941108	0.12629845638
184.0	0.15679246167	0.12754354894
185.0	0.15663566921	0.12880091603
186.0	0.15647903354	0.13007067867
187.0	0.1563225545	0.13135295905
188.0	0.15616623195	0.13264788058
189.0	0.15601006572	0.13395556789
190.0	0.15585405565	0.13527614681
191.0	0.1556982016	0.13660974445
192.0	0.15554250339	0.13795648914
193.0	0.15538696089	0.13931651049
194.0	0.15523157393	0.14068993938
195.0	0.15507634236	0.142076908
196.0	0.15492126601	0.14347754982
197.0	0.15476634475	0.14489199964
198.0	0.1546115784	0.14632039358
199.0	0.15445696682	0.1477628691
200.0	0.15430250986	0.14921956504
201.0	0.15414820735	0.15069062157
202.0	0.15399405914	0.15217618026
203.0	0.15384006508	0.1536763841
204.0	0.15368622502	0.15519137745
205.0	0.15353253879	0.15672130611
206.0	0.15337900625	0.15826631732
207.0	0.15322562725	0.15982655976
208.0	0.15307240162	0.16140218361
209.0	0.15291932922	0.16299334048
210.0	0.15276640989	0.16460018351
211.0	0.15261364348	0.16622286733
212.0	0.15246102983	0.16786154812
213.0	0.1523085688	0.16951638357
214.0	0.15215626024	0.17118753295
215.0	0.15200410398	0.17287515707
216.0	0.15185209987	0.17457941837
217.0	0.15170024777	0.17630048084
218.0	0.15154854752	0.17803851012
219.0	0.15139699898	0.17979367348
220.0	0.15124560198	0.18156613982
221.0	0.15109435638	0.18335607974
222.0	0.15094326202	0.18516366548
223.0	0.15079231876	0.18698907101
224.0	0.15064152644	0.188832472
225.0	0.15049088491	0.19069404586
226.0	0.15034039403	0.19257397173
227.0	0.15019005363	0.19447243055
228.0	0.15003986358	0.19638960501
229.0	0.14988982372	0.19832567961
230.0	0.14973993389	0.20028084069
231.0	0.14959019396	0.20225527641
232.0	0.14944060376	0.20424917677
233.0	0.14929116316	0.20626273368
234.0	0.149141872	0.2082961409
235.0	0.14899273012	0.21034959413
236.0	0.14884373739	0.21242329099
237.0	0.14869489366	0.21451743106
238.0	0.14854619876	0.21663221585
239.0	0.14839765257	0.21876784891
240.0	0.14824925491	0.22092453575
241.0	0.14810100566	0.22310248394
242.0	0.14795290465	0.22530190307
243.0	0.14780495175	0.22752300481
244.0	0.1476571468	0.22976600292
245.0	0.14750948965	0.23203111325
246.0	0.14736198016	0.2343185538
247.0	0.14721461818	0.23662854471
248.0	0.14706740356	0.23896130829
249.0	0.14692033616	0.24131706903
250.0	0.14677341582	0.24219148803
251.0	0.14662664241	0.24194929654
252.0	0.14648001576	0.24170734724
253.0	0.14633353575	0.24146563989
254.0	0.14618720221	0.24122417425
255.0	0.14604101501	0.24098295008
256.0	0.14589497399	0.24074196713
257.0	0.14574907902	0.24050122516
258.0	0.14560332994	0.24026072394
259.0	0.14545772661	0.24002046321
260.0	0.14531226888	0.23978044275
261.0	0.14516695662	0.23954066231
262.0	0.14502178966	0.23930112165
263.0	0.14487676787	0.23906182052
264.0	0.1447318911	0.2388227587
265.0	0.14458715921	0.23858393595
266.0	0.14444257205	0.23834535201
267.0	0.14429812948	0.23810700666
268.0	0.14415383135	0.23786889965
269.0	0.14400967752	0.23763103075
270.0	0.14386566784	0.23739339972
271.0	0.14372180217	0.23715600632
272.0	0.14357808037	0.23691885031
273.0	0.14343450229	0.23668193146
274.0	0.14329106779	0.23644524953
275.0	0.14314777672	0.23620880428
276.0	0.14300462894	0.23597259548
277.0	0.14286162431	0.23573662288
278.0	0.14271876269	0.23550088626
279.0	0.14257604393	0.23526538537
280.0	0.14243346788	0.23503011999
281.0	0.14229103442	0.23479508987
282.0	0.14214874338	0.23456029478
283.0	0.14200659464	0.23432573448
284.0	0.14186458804	0.23409140875
285.0	0.14172272346	0.23385731734
286.0	0.14158100073	0.23362346002
287.0	0.14143941973	0.23338983656
288.0	0.14129798031	0.23315644673
289.0	0.14115668233	0.23292329028
290.0	0.14101552565	0.23269036699
291.0	0.14087451012	0.23245767662
292.0	0.14073363561	0.23222521895
293.0	0.14059290198	0.23199299373
294.0	0.14045230908	0.23176100073
295.0	0.14031185677	0.23152923973
296.0	0.14017154491	0.23129771049
297.0	0.14003137336	0.23106641278
298.0	0.13989134199	0.23083534637
299.0	0.13975145065	0.23060451102
300.0	0.1396116992	0.23037390651
301.0	0.1394720875	0.23014353261
302.0	0.13933261541	0.22991338907
303.0	0.1391932828	0.22968347568
304.0	0.13905408951	0.22945379221
305.0	0.13891503542	0.22922433842
306.0	0.13877612039	0.22899511408
307.0	0.13863734427	0.22876611896
308.0	0.13849870692	0.22853735284
309.0	0.13836020822	0.22830881549
310.0	0.13822184801	0.22808050668
311.0	0.13808362616	0.22785242617
312.0	0.13794554253	0.22762457374
313.0	0.13780759699	0.22739694917
314.0	0.1376697894	0.22716955222
315.0	0.13753211961	0.22694238267
316.0	0.13739458749	0.22671544029
317.0	0.1372571929	0.22648872485
318.0	0.13711993571	0.22626223612
319.0	0.13698281577	0.22603597388
320.0	0.13684583295	0.22580993791
321.0	0.13670898712	0.22558412797
322.0	0.13657227813	0.22535854384
