Fitness_function	configuration	fitness	sd	avg.Biomass	avg.Yield	endCycle
Yield	-15.0,-1.5,0.08,0.08,	3.432507	0.0	0.465837	0.186766	322
Yield	-14.0,-1.2,0.08,0.08,	3.432507	0.0	0.465837	0.186766	322
Yield	-14.0,-0.7,0.08,0.08,	3.432507	0.0	0.465837	0.186766	322
Yield	-13.0,-1.5,0.08,0.08,	3.432507	0.0	0.465837	0.186766	322
Yield	-12.0,-1.4,0.08,0.08,	3.432507	0.0	0.465837	0.186766	322
Yield	-12.0,-1.0,0.08,0.08,	3.432507	0.0	0.465837	0.186766	322
Yield	-11.0,-1.5,0.08,0.08,	3.432507	0.0	0.465837	0.186766	322
Yield	-11.0,-1.2,0.08,0.08,	3.432507	0.0	0.465837	0.186766	322
Yield	-11.0,-1.0,0.08,0.08,	3.432507	0.0	0.465837	0.186766	322
Yield	-10.0,-1.4,0.08,0.08,	3.432507	0.0	0.465837	0.186766	322
Yield	-10.0,-1.3,0.08,0.08,	3.432507	0.0	0.465837	0.186766	322
Yield	-10.0,-1.1,0.08,0.08,	3.432507	0.0	0.465837	0.186766	322
Yield	-10.0,-0.8,0.08,0.08,	3.432507	0.0	0.465837	0.186766	322
Yield	-10.0,-0.7,0.08,0.08,	3.432507	0.0	0.465837	0.186766	322
Yield	-10.0,-0.09,0.08,0.08,	3.432507	0.0	0.465837	0.186766	322
Yield	-14.5,-1.5,0.09,0.08,	3.41996	0.0	0.479808	0.189242	322
Yield	-14.5,-1.1,0.09,0.08,	3.41996	0.0	0.479808	0.189242	322
Yield	-14.0,-1.0,0.09,0.08,	3.41996	0.0	0.479808	0.189242	322
Yield	-12.0,-1.5,0.09,0.08,	3.41996	0.0	0.479808	0.189242	322
Yield	-12.0,-0.09,0.09,0.08,	3.41996	0.0	0.479808	0.189242	322
Yield	-11.0,-1.3,0.09,0.08,	3.41996	0.0	0.479808	0.189242	322
Yield	-10.5,-1.2,0.09,0.08,	3.41996	0.0	0.479808	0.189242	322
Yield	-14.5,-1.3,0.09,0.09,	3.418603	0.0	0.487393	0.187767	322
Yield	-14.0,-0.09,0.09,0.09,	3.418603	0.0	0.487393	0.187767	322
Yield	-14.0,-0.7,0.08,0.1,	3.41252	0.0	0.477033	0.181389	322
Yield	-13.0,-1.2,0.08,0.1,	3.41252	0.0	0.477033	0.181389	322
Yield	-15.0,-1.1,0.07,0.07,	3.410987	0.0	0.445797	0.186691	322
Yield	-14.0,-0.7,0.07,0.07,	3.410987	0.0	0.445797	0.186691	322
Yield	-11.0,-0.8,0.07,0.07,	3.410987	0.0	0.445797	0.186691	322
Yield	-10.5,-1.5,0.07,0.07,	3.410987	0.0	0.445797	0.186691	322
Yield	-10.5,-1.4,0.07,0.07,	3.410987	0.0	0.445797	0.186691	322
Yield	-15.0,-1.0,0.07,0.08,	3.403509	0.0	0.449324	0.182739	322
Yield	-14.5,-1.0,0.07,0.08,	3.403509	0.0	0.449324	0.182739	322
Yield	-14.0,-0.09,0.07,0.08,	3.403509	0.0	0.449324	0.182739	322
Yield	-12.0,-1.0,0.07,0.08,	3.403509	0.0	0.449324	0.182739	322
Yield	-11.0,-1.5,0.07,0.08,	3.403509	0.0	0.449324	0.182739	322
Yield	-11.0,-1.1,0.07,0.08,	3.403509	0.0	0.449324	0.182739	322
Yield	-10.0,-1.5,0.07,0.08,	3.403509	0.0	0.449324	0.182739	322
Yield	-10.0,-1.1,0.07,0.08,	3.403509	0.0	0.449324	0.182739	322
Yield	-13.0,-1.4,0.09,0.07,	3.399953	0.0	0.474778	0.192278	322
Yield	-12.0,-1.4,0.09,0.07,	3.399953	0.0	0.474778	0.192278	322
Yield	-11.0,-1.3,0.09,0.07,	3.399953	0.0	0.474778	0.192278	322
Yield	-14.5,-1.1,0.07,0.1,	3.399263	0.0	0.460495	0.177348	322
Yield	-13.0,-1.0,0.07,0.1,	3.399263	0.0	0.460495	0.177348	322
Yield	-10.0,-1.1,0.07,0.1,	3.399263	0.0	0.460495	0.177348	322
Yield	-15.0,-0.7,0.07,0.05,	3.397516	0.0	0.435585	0.192666	322
Yield	-14.5,-0.7,0.07,0.05,	3.397516	0.0	0.435585	0.192666	322
Yield	-14.0,-0.7,0.07,0.05,	3.397516	0.0	0.435585	0.192666	322
Yield	-11.0,-0.7,0.07,0.05,	3.397516	0.0	0.435585	0.192666	322
Yield	-10.5,-1.4,0.07,0.05,	3.397516	0.0	0.435585	0.192666	322
Yield	-15.0,-1.2,0.09,0.1,	3.397312	0.0	0.492746	0.184928	322
Yield	-14.5,-1.5,0.09,0.1,	3.397312	0.0	0.492746	0.184928	322
Yield	-10.5,-0.8,0.09,0.1,	3.397312	0.0	0.492746	0.184928	322
Yield	-15.0,-1.3,0.08,0.05,	3.396833	0.0	0.451864	0.196553	322
Yield	-15.0,-0.7,0.08,0.05,	3.396833	0.0	0.451864	0.196553	322
Yield	-14.5,-1.1,0.08,0.05,	3.396833	0.0	0.451864	0.196553	322
Yield	-14.5,-0.7,0.08,0.05,	3.396833	0.0	0.451864	0.196553	322
Yield	-14.0,-1.1,0.08,0.05,	3.396833	0.0	0.451864	0.196553	322
Yield	-14.0,-0.8,0.08,0.05,	3.396833	0.0	0.451864	0.196553	322
Yield	-14.5,-1.3,0.1,0.08,	3.393912	0.0	0.497024	0.193702	322
Yield	-14.5,-0.09,0.1,0.08,	3.393912	0.0	0.497024	0.193702	322
Yield	-13.0,-1.3,0.1,0.08,	3.393912	0.0	0.497024	0.193702	322
Yield	-11.0,-1.0,0.1,0.08,	3.393912	0.0	0.497024	0.193702	322
Yield	-10.0,-1.3,0.1,0.08,	3.393912	0.0	0.497024	0.193702	322
Yield	-15.0,-1.0,0.1,0.1,	3.391655	0.0	0.508573	0.188539	322
Yield	-12.0,-1.2,0.1,0.1,	3.391655	0.0	0.508573	0.188539	322
Yield	-12.0,-0.8,0.1,0.1,	3.391655	0.0	0.508573	0.188539	322
Yield	-15.0,-0.7,0.05,0.05,	3.38324	0.0	0.402645	0.184666	322
Yield	-14.5,-1.3,0.05,0.05,	3.38324	0.0	0.402645	0.184666	322
Yield	-15.0,-1.1,0.08,0.09,	3.382423	0.0	0.473792	0.185517	322
Yield	-14.5,-0.7,0.08,0.09,	3.382423	0.0	0.473792	0.185517	322
Yield	-12.0,-0.8,0.08,0.09,	3.382423	0.0	0.473792	0.185517	322
Yield	-12.0,-0.09,0.08,0.09,	3.382423	0.0	0.473792	0.185517	322
Yield	-11.0,-0.7,0.08,0.09,	3.382423	0.0	0.473792	0.185517	322
Yield	-15.0,-1.2,0.1,0.09,	3.379737	0.0	0.507221	0.193823	322
Yield	-14.0,-0.8,0.1,0.09,	3.379737	0.0	0.507221	0.193823	322
Yield	-14.5,-1.5,0.07,0.09,	3.378817	0.0	0.457998	0.181929	322
Yield	-10.5,-0.09,0.07,0.09,	3.378817	0.0	0.457998	0.181929	322
Yield	-14.5,-1.4,0.1,0.05,	3.362843	0.0	0.479352	0.201235	322
Yield	-14.5,-1.1,0.1,0.05,	3.362843	0.0	0.479352	0.201235	322
Yield	-14.5,-0.8,0.1,0.05,	3.362843	0.0	0.479352	0.201235	322
Yield	-10.0,-0.8,0.1,0.05,	3.362843	0.0	0.479352	0.201235	322
Yield	-11.0,-1.4,0.05,0.08,	3.357628	0.0	0.413178	0.172787	322
Yield	-11.0,-1.0,0.05,0.08,	3.357628	0.0	0.413178	0.172787	322
Yield	-15.0,-1.0,0.09,0.05,	3.351899	0.0	0.467251	0.199896	322
Yield	-13.0,-1.3,0.09,0.05,	3.351899	0.0	0.467251	0.199896	322
Yield	-13.0,-1.2,0.09,0.05,	3.351899	0.0	0.467251	0.199896	322
Yield	-14.5,-1.5,0.08,0.07,	3.345444	0.0	0.46569	0.192783	322
Yield	-14.0,-1.5,0.08,0.07,	3.345444	0.0	0.46569	0.192783	322
Yield	-12.0,-1.5,0.08,0.07,	3.345444	0.0	0.46569	0.192783	322
Yield	-11.0,-1.5,0.08,0.07,	3.345444	0.0	0.46569	0.192783	322
Yield	-10.5,-1.2,0.08,0.07,	3.345444	0.0	0.46569	0.192783	322
Yield	-10.5,-1.0,0.08,0.07,	3.345444	0.0	0.46569	0.192783	322
Yield	-14.0,-1.5,0.05,0.07,	3.334607	0.0	0.410854	0.177472	322
Yield	-15.0,-1.3,0.05,0.09,	3.316239	0.0	0.420419	0.171104	322
Yield	-15.0,-1.0,0.05,0.09,	3.316239	0.0	0.420419	0.171104	322
Yield	-14.0,-1.1,0.05,0.09,	3.316239	0.0	0.420419	0.171104	322
Yield	-11.0,-0.7,0.05,0.09,	3.316239	0.0	0.420419	0.171104	322
Yield	-10.0,-1.0,0.05,0.09,	3.316239	0.0	0.420419	0.171104	322
Yield	-11.0,-0.09,0.05,0.1,	3.308068	0.0	0.42362	0.166956	322
